# inputEnergy(MeV/u) EnergyLoss(MeV/u)
0.000000 0.000000
0.001000 0.001000
0.002000 0.000079
0.003000 0.000076
0.004000 0.000076
0.005000 0.000076
0.006000 0.000077
0.007000 0.000079
0.008000 0.000080
0.009000 0.000082
0.010000 0.000084
0.011000 0.000085
0.012000 0.000087
0.013000 0.000089
0.014000 0.000091
0.015000 0.000093
0.016000 0.000094
0.017000 0.000096
0.018000 0.000098
0.019000 0.000100
0.020000 0.000102
0.021000 0.000103
0.022000 0.000105
0.023000 0.000107
0.024000 0.000108
0.025000 0.000110
0.026000 0.000112
0.027000 0.000115
0.028000 0.000118
0.029000 0.000120
0.030000 0.000123
0.031000 0.000125
0.032000 0.000128
0.033000 0.000130
0.034000 0.000133
0.035000 0.000136
0.036000 0.000138
0.037000 0.000141
0.038000 0.000143
0.039000 0.000146
0.040000 0.000148
0.041000 0.000151
0.042000 0.000154
0.043000 0.000156
0.044000 0.000159
0.045000 0.000161
0.046000 0.000164
0.047000 0.000167
0.048000 0.000169
0.049000 0.000172
0.050000 0.000174
0.051000 0.000177
0.052000 0.000179
0.053000 0.000182
0.054000 0.000184
0.055000 0.000187
0.056000 0.000190
0.057000 0.000192
0.058000 0.000195
0.059000 0.000197
0.060000 0.000200
0.061000 0.000202
0.062000 0.000204
0.063000 0.000207
0.064000 0.000209
0.065000 0.000212
0.066000 0.000214
0.067000 0.000217
0.068000 0.000219
0.069000 0.000222
0.070000 0.000224
0.071000 0.000226
0.072000 0.000229
0.073000 0.000231
0.074000 0.000233
0.075000 0.000236
0.076000 0.000238
0.077000 0.000240
0.078000 0.000243
0.079000 0.000245
0.080000 0.000247
0.081000 0.000250
0.082000 0.000252
0.083000 0.000254
0.084000 0.000256
0.085000 0.000259
0.086000 0.000261
0.087000 0.000263
0.088000 0.000265
0.089000 0.000267
0.090000 0.000270
0.091000 0.000272
0.092000 0.000274
0.093000 0.000276
0.094000 0.000278
0.095000 0.000280
0.096000 0.000282
0.097000 0.000284
0.098000 0.000286
0.099000 0.000288
0.100000 0.000291
0.101000 0.000292
0.102000 0.000295
0.103000 0.000297
0.104000 0.000298
0.105000 0.000300
0.106000 0.000302
0.107000 0.000304
0.108000 0.000306
0.109000 0.000308
0.110000 0.000310
0.111000 0.000312
0.112000 0.000314
0.113000 0.000316
0.114000 0.000318
0.115000 0.000319
0.116000 0.000321
0.117000 0.000323
0.118000 0.000325
0.119000 0.000326
0.120000 0.000328
0.121000 0.000330
0.122000 0.000332
0.123000 0.000333
0.124000 0.000335
0.125000 0.000337
0.126000 0.000339
0.127000 0.000340
0.128000 0.000342
0.129000 0.000343
0.130000 0.000345
0.131000 0.000347
0.132000 0.000348
0.133000 0.000350
0.134000 0.000351
0.135000 0.000353
0.136000 0.000355
0.137000 0.000356
0.138000 0.000357
0.139000 0.000359
0.140000 0.000360
0.141000 0.000362
0.142000 0.000363
0.143000 0.000365
0.144000 0.000366
0.145000 0.000368
0.146000 0.000369
0.147000 0.000371
0.148000 0.000372
0.149000 0.000373
0.150000 0.000375
0.151000 0.000376
0.152000 0.000377
0.153000 0.000379
0.154000 0.000380
0.155000 0.000381
0.156000 0.000383
0.157000 0.000384
0.158000 0.000385
0.159000 0.000386
0.160000 0.000388
0.161000 0.000389
0.162000 0.000390
0.163000 0.000391
0.164000 0.000392
0.165000 0.000394
0.166000 0.000395
0.167000 0.000396
0.168000 0.000397
0.169000 0.000398
0.170000 0.000399
0.171000 0.000401
0.172000 0.000402
0.173000 0.000403
0.174000 0.000404
0.175000 0.000405
0.176000 0.000406
0.177000 0.000407
0.178000 0.000408
0.179000 0.000409
0.180000 0.000410
0.181000 0.000411
0.182000 0.000412
0.183000 0.000413
0.184000 0.000414
0.185000 0.000415
0.186000 0.000416
0.187000 0.000417
0.188000 0.000418
0.189000 0.000419
0.190000 0.000420
0.191000 0.000421
0.192000 0.000421
0.193000 0.000422
0.194000 0.000423
0.195000 0.000424
0.196000 0.000425
0.197000 0.000426
0.198000 0.000427
0.199000 0.000428
0.200000 0.000428
0.201000 0.000429
0.202000 0.000430
0.203000 0.000431
0.204000 0.000432
0.205000 0.000432
0.206000 0.000433
0.207000 0.000434
0.208000 0.000435
0.209000 0.000435
0.210000 0.000436
0.211000 0.000437
0.212000 0.000438
0.213000 0.000439
0.214000 0.000439
0.215000 0.000440
0.216000 0.000441
0.217000 0.000441
0.218000 0.000442
0.219000 0.000443
0.220000 0.000443
0.221000 0.000444
0.222000 0.000444
0.223000 0.000445
0.224000 0.000446
0.225000 0.000446
0.226000 0.000447
0.227000 0.000448
0.228000 0.000448
0.229000 0.000449
0.230000 0.000450
0.231000 0.000450
0.232000 0.000451
0.233000 0.000451
0.234000 0.000452
0.235000 0.000452
0.236000 0.000453
0.237000 0.000453
0.238000 0.000454
0.239000 0.000455
0.240000 0.000455
0.241000 0.000456
0.242000 0.000456
0.243000 0.000457
0.244000 0.000457
0.245000 0.000458
0.246000 0.000458
0.247000 0.000459
0.248000 0.000459
0.249000 0.000460
0.250000 0.000460
0.251000 0.000461
0.252000 0.000461
0.253000 0.000461
0.254000 0.000462
0.255000 0.000462
0.256000 0.000463
0.257000 0.000463
0.258000 0.000463
0.259000 0.000464
0.260000 0.000465
0.261000 0.000465
0.262000 0.000465
0.263000 0.000466
0.264000 0.000466
0.265000 0.000466
0.266000 0.000467
0.267000 0.000467
0.268000 0.000468
0.269000 0.000468
0.270000 0.000468
0.271000 0.000469
0.272000 0.000469
0.273000 0.000469
0.274000 0.000470
0.275000 0.000470
0.276000 0.000470
0.277000 0.000471
0.278000 0.000471
0.279000 0.000471
0.280000 0.000472
0.281000 0.000472
0.282000 0.000473
0.283000 0.000473
0.284000 0.000473
0.285000 0.000474
0.286000 0.000474
0.287000 0.000474
0.288000 0.000474
0.289000 0.000475
0.290000 0.000475
0.291000 0.000475
0.292000 0.000476
0.293000 0.000476
0.294000 0.000476
0.295000 0.000476
0.296000 0.000477
0.297000 0.000477
0.298000 0.000477
0.299000 0.000477
0.300000 0.000478
0.301000 0.000478
0.302000 0.000478
0.303000 0.000478
0.304000 0.000479
0.305000 0.000479
0.306000 0.000479
0.307000 0.000479
0.308000 0.000479
0.309000 0.000480
0.310000 0.000480
0.311000 0.000480
0.312000 0.000480
0.313000 0.000481
0.314000 0.000481
0.315000 0.000481
0.316000 0.000481
0.317000 0.000482
0.318000 0.000482
0.319000 0.000482
0.320000 0.000482
0.321000 0.000482
0.322000 0.000482
0.323000 0.000482
0.324000 0.000483
0.325000 0.000483
0.326000 0.000483
0.327000 0.000483
0.328000 0.000484
0.329000 0.000484
0.330000 0.000484
0.331000 0.000484
0.332000 0.000484
0.333000 0.000484
0.334000 0.000485
0.335000 0.000485
0.336000 0.000485
0.337000 0.000485
0.338000 0.000485
0.339000 0.000485
0.340000 0.000485
0.341000 0.000486
0.342000 0.000486
0.343000 0.000486
0.344000 0.000486
0.345000 0.000486
0.346000 0.000486
0.347000 0.000486
0.348000 0.000487
0.349000 0.000486
0.350000 0.000487
0.351000 0.000487
0.352000 0.000487
0.353000 0.000487
0.354000 0.000487
0.355000 0.000487
0.356000 0.000487
0.357000 0.000487
0.358000 0.000488
0.359000 0.000488
0.360000 0.000488
0.361000 0.000488
0.362000 0.000488
0.363000 0.000488
0.364000 0.000489
0.365000 0.000488
0.366000 0.000489
0.367000 0.000489
0.368000 0.000489
0.369000 0.000489
0.370000 0.000489
0.371000 0.000489
0.372000 0.000489
0.373000 0.000490
0.374000 0.000490
0.375000 0.000490
0.376000 0.000490
0.377000 0.000491
0.378000 0.000492
0.379000 0.000492
0.380000 0.000492
0.381000 0.000492
0.382000 0.000493
0.383000 0.000493
0.384000 0.000493
0.385000 0.000494
0.386000 0.000494
0.387000 0.000494
0.388000 0.000495
0.389000 0.000495
0.390000 0.000495
0.391000 0.000496
0.392000 0.000496
0.393000 0.000496
0.394000 0.000497
0.395000 0.000497
0.396000 0.000497
0.397000 0.000498
0.398000 0.000498
0.399000 0.000498
0.400000 0.000498
0.401000 0.000499
0.402000 0.000499
0.403000 0.000499
0.404000 0.000500
0.405000 0.000500
0.406000 0.000500
0.407000 0.000501
0.408000 0.000501
0.409000 0.000501
0.410000 0.000502
0.411000 0.000501
0.412000 0.000502
0.413000 0.000502
0.414000 0.000502
0.415000 0.000503
0.416000 0.000503
0.417000 0.000503
0.418000 0.000503
0.419000 0.000504
0.420000 0.000504
0.421000 0.000504
0.422000 0.000505
0.423000 0.000505
0.424000 0.000505
0.425000 0.000505
0.426000 0.000506
0.427000 0.000506
0.428000 0.000506
0.429000 0.000506
0.430000 0.000506
0.431000 0.000507
0.432000 0.000507
0.433000 0.000507
0.434000 0.000507
0.435000 0.000507
0.436000 0.000508
0.437000 0.000508
0.438000 0.000509
0.439000 0.000508
0.440000 0.000509
0.441000 0.000509
0.442000 0.000509
0.443000 0.000509
0.444000 0.000510
0.445000 0.000510
0.446000 0.000510
0.447000 0.000510
0.448000 0.000510
0.449000 0.000511
0.450000 0.000510
0.451000 0.000511
0.452000 0.000511
0.453000 0.000511
0.454000 0.000512
0.455000 0.000512
0.456000 0.000512
0.457000 0.000512
0.458000 0.000512
0.459000 0.000512
0.460000 0.000513
0.461000 0.000513
0.462000 0.000513
0.463000 0.000513
0.464000 0.000513
0.465000 0.000514
0.466000 0.000514
0.467000 0.000514
0.468000 0.000514
0.469000 0.000514
0.470000 0.000515
0.471000 0.000515
0.472000 0.000515
0.473000 0.000515
0.474000 0.000515
0.475000 0.000515
0.476000 0.000515
0.477000 0.000516
0.478000 0.000516
0.479000 0.000516
0.480000 0.000516
0.481000 0.000516
0.482000 0.000516
0.483000 0.000516
0.484000 0.000517
0.485000 0.000517
0.486000 0.000517
0.487000 0.000517
0.488000 0.000517
0.489000 0.000517
0.490000 0.000518
0.491000 0.000518
0.492000 0.000518
0.493000 0.000518
0.494000 0.000518
0.495000 0.000518
0.496000 0.000518
0.497000 0.000519
0.498000 0.000519
0.499000 0.000519
0.500000 0.000519
0.501000 0.000519
0.502000 0.000520
0.503000 0.000519
0.504000 0.000520
0.505000 0.000520
0.506000 0.000520
0.507000 0.000520
0.508000 0.000520
0.509000 0.000520
0.510000 0.000520
0.511000 0.000520
0.512000 0.000521
0.513000 0.000521
0.514000 0.000521
0.515000 0.000521
0.516000 0.000521
0.517000 0.000521
0.518000 0.000521
0.519000 0.000521
0.520000 0.000521
0.521000 0.000521
0.522000 0.000522
0.523000 0.000522
0.524000 0.000522
0.525000 0.000522
0.526000 0.000522
0.527000 0.000522
0.528000 0.000522
0.529000 0.000522
0.530000 0.000522
0.531000 0.000523
0.532000 0.000523
0.533000 0.000523
0.534000 0.000523
0.535000 0.000523
0.536000 0.000523
0.537000 0.000523
0.538000 0.000523
0.539000 0.000523
0.540000 0.000523
0.541000 0.000524
0.542000 0.000524
0.543000 0.000524
0.544000 0.000524
0.545000 0.000524
0.546000 0.000524
0.547000 0.000524
0.548000 0.000524
0.549000 0.000524
0.550000 0.000524
0.551000 0.000524
0.552000 0.000525
0.553000 0.000525
0.554000 0.000525
0.555000 0.000525
0.556000 0.000525
0.557000 0.000525
0.558000 0.000525
0.559000 0.000525
0.560000 0.000525
0.561000 0.000525
0.562000 0.000525
0.563000 0.000525
0.564000 0.000525
0.565000 0.000526
0.566000 0.000526
0.567000 0.000526
0.568000 0.000526
0.569000 0.000526
0.570000 0.000526
0.571000 0.000526
0.572000 0.000526
0.573000 0.000526
0.574000 0.000526
0.575000 0.000526
0.576000 0.000526
0.577000 0.000526
0.578000 0.000526
0.579000 0.000527
0.580000 0.000527
0.581000 0.000527
0.582000 0.000527
0.583000 0.000527
0.584000 0.000527
0.585000 0.000527
0.586000 0.000527
0.587000 0.000527
0.588000 0.000527
0.589000 0.000527
0.590000 0.000527
0.591000 0.000527
0.592000 0.000527
0.593000 0.000527
0.594000 0.000527
0.595000 0.000527
0.596000 0.000528
0.597000 0.000528
0.598000 0.000528
0.599000 0.000528
0.600000 0.000528
0.601000 0.000528
0.602000 0.000528
0.603000 0.000528
0.604000 0.000528
0.605000 0.000528
0.606000 0.000528
0.607000 0.000528
0.608000 0.000528
0.609000 0.000528
0.610000 0.000528
0.611000 0.000528
0.612000 0.000528
0.613000 0.000528
0.614000 0.000528
0.615000 0.000528
0.616000 0.000528
0.617000 0.000529
0.618000 0.000529
0.619000 0.000529
0.620000 0.000529
0.621000 0.000529
0.622000 0.000529
0.623000 0.000529
0.624000 0.000529
0.625000 0.000529
0.626000 0.000529
0.627000 0.000529
0.628000 0.000529
0.629000 0.000529
0.630000 0.000529
0.631000 0.000529
0.632000 0.000529
0.633000 0.000529
0.634000 0.000529
0.635000 0.000529
0.636000 0.000529
0.637000 0.000529
0.638000 0.000529
0.639000 0.000529
0.640000 0.000529
0.641000 0.000529
0.642000 0.000529
0.643000 0.000529
0.644000 0.000530
0.645000 0.000530
0.646000 0.000530
0.647000 0.000530
0.648000 0.000530
0.649000 0.000530
0.650000 0.000530
0.651000 0.000530
0.652000 0.000530
0.653000 0.000530
0.654000 0.000530
0.655000 0.000530
0.656000 0.000530
0.657000 0.000530
0.658000 0.000530
0.659000 0.000530
0.660000 0.000530
0.661000 0.000530
0.662000 0.000530
0.663000 0.000530
0.664000 0.000530
0.665000 0.000530
0.666000 0.000530
0.667000 0.000530
0.668000 0.000530
0.669000 0.000530
0.670000 0.000530
0.671000 0.000530
0.672000 0.000530
0.673000 0.000530
0.674000 0.000530
0.675000 0.000529
0.676000 0.000529
0.677000 0.000529
0.678000 0.000529
0.679000 0.000529
0.680000 0.000529
0.681000 0.000529
0.682000 0.000529
0.683000 0.000529
0.684000 0.000529
0.685000 0.000529
0.686000 0.000529
0.687000 0.000529
0.688000 0.000528
0.689000 0.000528
0.690000 0.000528
0.691000 0.000528
0.692000 0.000528
0.693000 0.000528
0.694000 0.000528
0.695000 0.000528
0.696000 0.000528
0.697000 0.000528
0.698000 0.000528
0.699000 0.000528
0.700000 0.000528
0.701000 0.000527
0.702000 0.000527
0.703000 0.000527
0.704000 0.000527
0.705000 0.000527
0.706000 0.000527
0.707000 0.000527
0.708000 0.000527
0.709000 0.000527
0.710000 0.000527
0.711000 0.000527
0.712000 0.000527
0.713000 0.000527
0.714000 0.000526
0.715000 0.000526
0.716000 0.000526
0.717000 0.000526
0.718000 0.000526
0.719000 0.000526
0.720000 0.000526
0.721000 0.000526
0.722000 0.000526
0.723000 0.000526
0.724000 0.000526
0.725000 0.000526
0.726000 0.000525
0.727000 0.000525
0.728000 0.000525
0.729000 0.000525
0.730000 0.000525
0.731000 0.000525
0.732000 0.000525
0.733000 0.000525
0.734000 0.000525
0.735000 0.000525
0.736000 0.000525
0.737000 0.000525
0.738000 0.000524
0.739000 0.000524
0.740000 0.000524
0.741000 0.000524
0.742000 0.000524
0.743000 0.000524
0.744000 0.000524
0.745000 0.000524
0.746000 0.000524
0.747000 0.000524
0.748000 0.000524
0.749000 0.000524
0.750000 0.000524
0.751000 0.000523
0.752000 0.000523
0.753000 0.000523
0.754000 0.000523
0.755000 0.000523
0.756000 0.000523
0.757000 0.000523
0.758000 0.000523
0.759000 0.000523
0.760000 0.000523
0.761000 0.000523
0.762000 0.000523
0.763000 0.000522
0.764000 0.000522
0.765000 0.000522
0.766000 0.000522
0.767000 0.000522
0.768000 0.000522
0.769000 0.000522
0.770000 0.000522
0.771000 0.000522
0.772000 0.000522
0.773000 0.000522
0.774000 0.000522
0.775000 0.000521
0.776000 0.000521
0.777000 0.000521
0.778000 0.000521
0.779000 0.000521
0.780000 0.000521
0.781000 0.000521
0.782000 0.000521
0.783000 0.000521
0.784000 0.000521
0.785000 0.000521
0.786000 0.000521
0.787000 0.000520
0.788000 0.000520
0.789000 0.000520
0.790000 0.000520
0.791000 0.000520
0.792000 0.000520
0.793000 0.000520
0.794000 0.000520
0.795000 0.000520
0.796000 0.000520
0.797000 0.000520
0.798000 0.000519
0.799000 0.000519
0.800000 0.000519
0.801000 0.000519
0.802000 0.000519
0.803000 0.000519
0.804000 0.000519
0.805000 0.000519
0.806000 0.000519
0.807000 0.000519
0.808000 0.000519
0.809000 0.000519
0.810000 0.000518
0.811000 0.000518
0.812000 0.000518
0.813000 0.000518
0.814000 0.000518
0.815000 0.000518
0.816000 0.000518
0.817000 0.000518
0.818000 0.000518
0.819000 0.000518
0.820000 0.000518
0.821000 0.000518
0.822000 0.000517
0.823000 0.000517
0.824000 0.000517
0.825000 0.000517
0.826000 0.000517
0.827000 0.000517
0.828000 0.000517
0.829000 0.000517
0.830000 0.000517
0.831000 0.000517
0.832000 0.000517
0.833000 0.000517
0.834000 0.000516
0.835000 0.000516
0.836000 0.000516
0.837000 0.000516
0.838000 0.000516
0.839000 0.000516
0.840000 0.000516
0.841000 0.000516
0.842000 0.000516
0.843000 0.000516
0.844000 0.000516
0.845000 0.000515
0.846000 0.000515
0.847000 0.000515
0.848000 0.000515
0.849000 0.000515
0.850000 0.000515
0.851000 0.000515
0.852000 0.000515
0.853000 0.000515
0.854000 0.000515
0.855000 0.000515
0.856000 0.000515
0.857000 0.000514
0.858000 0.000514
0.859000 0.000514
0.860000 0.000514
0.861000 0.000514
0.862000 0.000514
0.863000 0.000514
0.864000 0.000514
0.865000 0.000514
0.866000 0.000514
0.867000 0.000514
0.868000 0.000513
0.869000 0.000513
0.870000 0.000513
0.871000 0.000513
0.872000 0.000513
0.873000 0.000513
0.874000 0.000513
0.875000 0.000513
0.876000 0.000513
0.877000 0.000513
0.878000 0.000513
0.879000 0.000513
0.880000 0.000512
0.881000 0.000512
0.882000 0.000512
0.883000 0.000512
0.884000 0.000512
0.885000 0.000512
0.886000 0.000512
0.887000 0.000512
0.888000 0.000512
0.889000 0.000512
0.890000 0.000512
0.891000 0.000512
0.892000 0.000511
0.893000 0.000511
0.894000 0.000511
0.895000 0.000511
0.896000 0.000511
0.897000 0.000511
0.898000 0.000511
0.899000 0.000511
0.900000 0.000511
0.901000 0.000511
0.902000 0.000511
0.903000 0.000510
0.904000 0.000510
0.905000 0.000510
0.906000 0.000510
0.907000 0.000510
0.908000 0.000510
0.909000 0.000510
0.910000 0.000510
0.911000 0.000510
0.912000 0.000510
0.913000 0.000510
0.914000 0.000509
0.915000 0.000509
0.916000 0.000509
0.917000 0.000509
0.918000 0.000509
0.919000 0.000509
0.920000 0.000509
0.921000 0.000509
0.922000 0.000509
0.923000 0.000509
0.924000 0.000509
0.925000 0.000509
0.926000 0.000508
0.927000 0.000508
0.928000 0.000508
0.929000 0.000508
0.930000 0.000508
0.931000 0.000508
0.932000 0.000508
0.933000 0.000508
0.934000 0.000508
0.935000 0.000508
0.936000 0.000508
0.937000 0.000507
0.938000 0.000507
0.939000 0.000507
0.940000 0.000507
0.941000 0.000507
0.942000 0.000507
0.943000 0.000507
0.944000 0.000507
0.945000 0.000507
0.946000 0.000507
0.947000 0.000507
0.948000 0.000507
0.949000 0.000506
0.950000 0.000506
0.951000 0.000506
0.952000 0.000506
0.953000 0.000506
0.954000 0.000506
0.955000 0.000506
0.956000 0.000506
0.957000 0.000506
0.958000 0.000506
0.959000 0.000506
0.960000 0.000505
0.961000 0.000505
0.962000 0.000505
0.963000 0.000505
0.964000 0.000505
0.965000 0.000505
0.966000 0.000505
0.967000 0.000505
0.968000 0.000505
0.969000 0.000505
0.970000 0.000505
0.971000 0.000505
0.972000 0.000504
0.973000 0.000504
0.974000 0.000504
0.975000 0.000504
0.976000 0.000504
0.977000 0.000504
0.978000 0.000504
0.979000 0.000504
0.980000 0.000504
0.981000 0.000504
0.982000 0.000504
0.983000 0.000503
0.984000 0.000503
0.985000 0.000503
0.986000 0.000503
0.987000 0.000503
0.988000 0.000503
0.989000 0.000503
0.990000 0.000503
0.991000 0.000503
0.992000 0.000503
0.993000 0.000503
0.994000 0.000502
0.995000 0.000502
0.996000 0.000502
0.997000 0.000502
0.998000 0.000502
0.999000 0.000502
1.000000 0.000502
1.001000 0.000502
1.002000 0.000502
1.003000 0.000502
1.004000 0.000502
1.005000 0.000502
1.006000 0.000501
1.007000 0.000501
1.008000 0.000501
1.009000 0.000501
1.010000 0.000501
1.011000 0.000501
1.012000 0.000501
1.013000 0.000501
1.014000 0.000501
1.015000 0.000501
1.016000 0.000501
1.017000 0.000500
1.018000 0.000500
1.019000 0.000500
1.020000 0.000500
1.021000 0.000500
1.022000 0.000500
1.023000 0.000500
1.024000 0.000500
1.025000 0.000500
1.026000 0.000500
1.027000 0.000500
1.028000 0.000500
1.029000 0.000499
1.030000 0.000499
1.031000 0.000499
1.032000 0.000499
1.033000 0.000499
1.034000 0.000499
1.035000 0.000499
1.036000 0.000499
1.037000 0.000499
1.038000 0.000499
1.039000 0.000499
1.040000 0.000498
1.041000 0.000498
1.042000 0.000498
1.043000 0.000498
1.044000 0.000498
1.045000 0.000498
1.046000 0.000498
1.047000 0.000498
1.048000 0.000498
1.049000 0.000498
1.050000 0.000498
1.051000 0.000497
1.052000 0.000497
1.053000 0.000497
1.054000 0.000497
1.055000 0.000497
1.056000 0.000497
1.057000 0.000497
1.058000 0.000497
1.059000 0.000497
1.060000 0.000497
1.061000 0.000497
1.062000 0.000497
1.063000 0.000496
1.064000 0.000496
1.065000 0.000496
1.066000 0.000496
1.067000 0.000496
1.068000 0.000496
1.069000 0.000496
1.070000 0.000496
1.071000 0.000496
1.072000 0.000496
1.073000 0.000496
1.074000 0.000495
1.075000 0.000495
1.076000 0.000495
1.077000 0.000495
1.078000 0.000495
1.079000 0.000495
1.080000 0.000495
1.081000 0.000495
1.082000 0.000495
1.083000 0.000495
1.084000 0.000495
1.085000 0.000494
1.086000 0.000494
1.087000 0.000494
1.088000 0.000494
1.089000 0.000494
1.090000 0.000494
1.091000 0.000494
1.092000 0.000494
1.093000 0.000494
1.094000 0.000494
1.095000 0.000494
1.096000 0.000494
1.097000 0.000493
1.098000 0.000493
1.099000 0.000493
1.100000 0.000493
1.101000 0.000493
1.102000 0.000494
1.103000 0.000494
1.104000 0.000493
1.105000 0.000493
1.106000 0.000493
1.107000 0.000493
1.108000 0.000493
1.109000 0.000493
1.110000 0.000493
1.111000 0.000493
1.112000 0.000492
1.113000 0.000492
1.114000 0.000492
1.115000 0.000492
1.116000 0.000492
1.117000 0.000492
1.118000 0.000492
1.119000 0.000492
1.120000 0.000492
1.121000 0.000491
1.122000 0.000491
1.123000 0.000491
1.124000 0.000491
1.125000 0.000491
1.126000 0.000491
1.127000 0.000491
1.128000 0.000491
1.129000 0.000490
1.130000 0.000490
1.131000 0.000490
1.132000 0.000490
1.133000 0.000490
1.134000 0.000490
1.135000 0.000490
1.136000 0.000490
1.137000 0.000490
1.138000 0.000489
1.139000 0.000489
1.140000 0.000489
1.141000 0.000489
1.142000 0.000489
1.143000 0.000489
1.144000 0.000489
1.145000 0.000489
1.146000 0.000488
1.147000 0.000488
1.148000 0.000488
1.149000 0.000488
1.150000 0.000488
1.151000 0.000488
1.152000 0.000488
1.153000 0.000488
1.154000 0.000488
1.155000 0.000487
1.156000 0.000487
1.157000 0.000487
1.158000 0.000487
1.159000 0.000487
1.160000 0.000487
1.161000 0.000487
1.162000 0.000487
1.163000 0.000486
1.164000 0.000486
1.165000 0.000486
1.166000 0.000486
1.167000 0.000486
1.168000 0.000486
1.169000 0.000486
1.170000 0.000486
1.171000 0.000486
1.172000 0.000485
1.173000 0.000485
1.174000 0.000485
1.175000 0.000485
1.176000 0.000485
1.177000 0.000485
1.178000 0.000485
1.179000 0.000485
1.180000 0.000485
1.181000 0.000484
1.182000 0.000484
1.183000 0.000484
1.184000 0.000484
1.185000 0.000484
1.186000 0.000484
1.187000 0.000484
1.188000 0.000484
1.189000 0.000483
1.190000 0.000483
1.191000 0.000483
1.192000 0.000483
1.193000 0.000483
1.194000 0.000483
1.195000 0.000483
1.196000 0.000483
1.197000 0.000483
1.198000 0.000482
1.199000 0.000482
1.200000 0.000482
1.201000 0.000482
1.202000 0.000482
1.203000 0.000482
1.204000 0.000482
1.205000 0.000482
1.206000 0.000482
1.207000 0.000481
1.208000 0.000481
1.209000 0.000481
1.210000 0.000481
1.211000 0.000481
1.212000 0.000481
1.213000 0.000481
1.214000 0.000481
1.215000 0.000481
1.216000 0.000480
1.217000 0.000480
1.218000 0.000480
1.219000 0.000480
1.220000 0.000480
1.221000 0.000480
1.222000 0.000480
1.223000 0.000480
1.224000 0.000480
1.225000 0.000479
1.226000 0.000479
1.227000 0.000479
1.228000 0.000479
1.229000 0.000479
1.230000 0.000479
1.231000 0.000479
1.232000 0.000479
1.233000 0.000479
1.234000 0.000478
1.235000 0.000478
1.236000 0.000478
1.237000 0.000478
1.238000 0.000478
1.239000 0.000478
1.240000 0.000478
1.241000 0.000478
1.242000 0.000478
1.243000 0.000477
1.244000 0.000477
1.245000 0.000477
1.246000 0.000477
1.247000 0.000477
1.248000 0.000477
1.249000 0.000477
1.250000 0.000477
1.251000 0.000477
1.252000 0.000476
1.253000 0.000476
1.254000 0.000476
1.255000 0.000476
1.256000 0.000476
1.257000 0.000476
1.258000 0.000476
1.259000 0.000476
1.260000 0.000476
1.261000 0.000476
1.262000 0.000475
1.263000 0.000475
1.264000 0.000475
1.265000 0.000475
1.266000 0.000475
1.267000 0.000475
1.268000 0.000475
1.269000 0.000475
1.270000 0.000475
1.271000 0.000474
1.272000 0.000474
1.273000 0.000474
1.274000 0.000474
1.275000 0.000474
1.276000 0.000474
1.277000 0.000474
1.278000 0.000474
1.279000 0.000474
1.280000 0.000473
1.281000 0.000473
1.282000 0.000473
1.283000 0.000473
1.284000 0.000473
1.285000 0.000473
1.286000 0.000473
1.287000 0.000473
1.288000 0.000473
1.289000 0.000473
1.290000 0.000472
1.291000 0.000472
1.292000 0.000472
1.293000 0.000472
1.294000 0.000472
1.295000 0.000472
1.296000 0.000472
1.297000 0.000472
1.298000 0.000472
1.299000 0.000471
1.300000 0.000471
1.301000 0.000471
1.302000 0.000471
1.303000 0.000471
1.304000 0.000471
1.305000 0.000471
1.306000 0.000471
1.307000 0.000471
1.308000 0.000471
1.309000 0.000470
1.310000 0.000470
1.311000 0.000470
1.312000 0.000470
1.313000 0.000470
1.314000 0.000470
1.315000 0.000470
1.316000 0.000470
1.317000 0.000470
1.318000 0.000469
1.319000 0.000469
1.320000 0.000469
1.321000 0.000469
1.322000 0.000469
1.323000 0.000469
1.324000 0.000469
1.325000 0.000469
1.326000 0.000469
1.327000 0.000469
1.328000 0.000468
1.329000 0.000468
1.330000 0.000468
1.331000 0.000468
1.332000 0.000468
1.333000 0.000468
1.334000 0.000468
1.335000 0.000468
1.336000 0.000468
1.337000 0.000468
1.338000 0.000467
1.339000 0.000467
1.340000 0.000467
1.341000 0.000467
1.342000 0.000467
1.343000 0.000467
1.344000 0.000467
1.345000 0.000467
1.346000 0.000467
1.347000 0.000467
1.348000 0.000466
1.349000 0.000466
1.350000 0.000466
1.351000 0.000466
1.352000 0.000466
1.353000 0.000466
1.354000 0.000466
1.355000 0.000466
1.356000 0.000466
1.357000 0.000466
1.358000 0.000465
1.359000 0.000465
1.360000 0.000465
1.361000 0.000465
1.362000 0.000465
1.363000 0.000465
1.364000 0.000465
1.365000 0.000465
1.366000 0.000465
1.367000 0.000465
1.368000 0.000464
1.369000 0.000464
1.370000 0.000464
1.371000 0.000464
1.372000 0.000464
1.373000 0.000464
1.374000 0.000464
1.375000 0.000464
1.376000 0.000464
1.377000 0.000464
1.378000 0.000463
1.379000 0.000463
1.380000 0.000463
1.381000 0.000463
1.382000 0.000463
1.383000 0.000463
1.384000 0.000463
1.385000 0.000463
1.386000 0.000463
1.387000 0.000463
1.388000 0.000462
1.389000 0.000462
1.390000 0.000462
1.391000 0.000462
1.392000 0.000462
1.393000 0.000462
1.394000 0.000462
1.395000 0.000462
1.396000 0.000462
1.397000 0.000462
1.398000 0.000461
1.399000 0.000461
1.400000 0.000461
1.401000 0.000461
1.402000 0.000461
1.403000 0.000461
1.404000 0.000461
1.405000 0.000461
1.406000 0.000461
1.407000 0.000461
1.408000 0.000460
1.409000 0.000460
1.410000 0.000460
1.411000 0.000460
1.412000 0.000460
1.413000 0.000460
1.414000 0.000460
1.415000 0.000460
1.416000 0.000460
1.417000 0.000460
1.418000 0.000460
1.419000 0.000459
1.420000 0.000459
1.421000 0.000459
1.422000 0.000459
1.423000 0.000459
1.424000 0.000459
1.425000 0.000459
1.426000 0.000459
1.427000 0.000459
1.428000 0.000459
1.429000 0.000458
1.430000 0.000458
1.431000 0.000458
1.432000 0.000458
1.433000 0.000458
1.434000 0.000458
1.435000 0.000458
1.436000 0.000458
1.437000 0.000458
1.438000 0.000458
1.439000 0.000457
1.440000 0.000457
1.441000 0.000457
1.442000 0.000457
1.443000 0.000457
1.444000 0.000457
1.445000 0.000457
1.446000 0.000457
1.447000 0.000457
1.448000 0.000457
1.449000 0.000457
1.450000 0.000456
1.451000 0.000456
1.452000 0.000456
1.453000 0.000456
1.454000 0.000456
1.455000 0.000456
1.456000 0.000456
1.457000 0.000456
1.458000 0.000456
1.459000 0.000456
1.460000 0.000456
1.461000 0.000455
1.462000 0.000455
1.463000 0.000455
1.464000 0.000455
1.465000 0.000455
1.466000 0.000455
1.467000 0.000455
1.468000 0.000455
1.469000 0.000455
1.470000 0.000455
1.471000 0.000454
1.472000 0.000454
1.473000 0.000454
1.474000 0.000454
1.475000 0.000454
1.476000 0.000454
1.477000 0.000454
1.478000 0.000454
1.479000 0.000454
1.480000 0.000454
1.481000 0.000454
1.482000 0.000453
1.483000 0.000453
1.484000 0.000453
1.485000 0.000453
1.486000 0.000453
1.487000 0.000453
1.488000 0.000453
1.489000 0.000453
1.490000 0.000453
1.491000 0.000453
1.492000 0.000453
1.493000 0.000452
1.494000 0.000452
1.495000 0.000452
1.496000 0.000452
1.497000 0.000452
1.498000 0.000452
1.499000 0.000452
1.500000 0.000452
1.501000 0.000452
1.502000 0.000452
1.503000 0.000452
1.504000 0.000451
1.505000 0.000451
1.506000 0.000451
1.507000 0.000451
1.508000 0.000451
1.509000 0.000451
1.510000 0.000451
1.511000 0.000451
1.512000 0.000451
1.513000 0.000451
1.514000 0.000450
1.515000 0.000450
1.516000 0.000450
1.517000 0.000450
1.518000 0.000450
1.519000 0.000450
1.520000 0.000450
1.521000 0.000450
1.522000 0.000450
1.523000 0.000450
1.524000 0.000450
1.525000 0.000449
1.526000 0.000449
1.527000 0.000449
1.528000 0.000449
1.529000 0.000449
1.530000 0.000449
1.531000 0.000449
1.532000 0.000449
1.533000 0.000449
1.534000 0.000449
1.535000 0.000449
1.536000 0.000449
1.537000 0.000448
1.538000 0.000448
1.539000 0.000448
1.540000 0.000448
1.541000 0.000448
1.542000 0.000448
1.543000 0.000448
1.544000 0.000448
1.545000 0.000448
1.546000 0.000448
1.547000 0.000448
1.548000 0.000447
1.549000 0.000447
1.550000 0.000447
1.551000 0.000447
1.552000 0.000447
1.553000 0.000447
1.554000 0.000447
1.555000 0.000447
1.556000 0.000447
1.557000 0.000447
1.558000 0.000447
1.559000 0.000446
1.560000 0.000446
1.561000 0.000446
1.562000 0.000446
1.563000 0.000446
1.564000 0.000446
1.565000 0.000446
1.566000 0.000446
1.567000 0.000446
1.568000 0.000446
1.569000 0.000446
1.570000 0.000445
1.571000 0.000445
1.572000 0.000445
1.573000 0.000445
1.574000 0.000445
1.575000 0.000445
1.576000 0.000445
1.577000 0.000445
1.578000 0.000445
1.579000 0.000445
1.580000 0.000445
1.581000 0.000444
1.582000 0.000444
1.583000 0.000444
1.584000 0.000444
1.585000 0.000444
1.586000 0.000444
1.587000 0.000444
1.588000 0.000444
1.589000 0.000444
1.590000 0.000444
1.591000 0.000444
1.592000 0.000444
1.593000 0.000443
1.594000 0.000443
1.595000 0.000443
1.596000 0.000443
1.597000 0.000443
1.598000 0.000443
1.599000 0.000443
1.600000 0.000443
1.601000 0.000443
1.602000 0.000443
1.603000 0.000443
1.604000 0.000442
1.605000 0.000442
1.606000 0.000442
1.607000 0.000442
1.608000 0.000442
1.609000 0.000442
1.610000 0.000442
1.611000 0.000442
1.612000 0.000442
1.613000 0.000442
1.614000 0.000442
1.615000 0.000442
1.616000 0.000441
1.617000 0.000441
1.618000 0.000441
1.619000 0.000441
1.620000 0.000441
1.621000 0.000441
1.622000 0.000441
1.623000 0.000441
1.624000 0.000441
1.625000 0.000441
1.626000 0.000441
1.627000 0.000440
1.628000 0.000440
1.629000 0.000440
1.630000 0.000440
1.631000 0.000440
1.632000 0.000440
1.633000 0.000440
1.634000 0.000440
1.635000 0.000440
1.636000 0.000440
1.637000 0.000440
1.638000 0.000440
1.639000 0.000439
1.640000 0.000439
1.641000 0.000439
1.642000 0.000439
1.643000 0.000439
1.644000 0.000439
1.645000 0.000439
1.646000 0.000439
1.647000 0.000439
1.648000 0.000439
1.649000 0.000439
1.650000 0.000439
1.651000 0.000438
1.652000 0.000438
1.653000 0.000438
1.654000 0.000438
1.655000 0.000438
1.656000 0.000438
1.657000 0.000438
1.658000 0.000438
1.659000 0.000438
1.660000 0.000438
1.661000 0.000438
1.662000 0.000438
1.663000 0.000437
1.664000 0.000437
1.665000 0.000437
1.666000 0.000437
1.667000 0.000437
1.668000 0.000437
1.669000 0.000437
1.670000 0.000437
1.671000 0.000437
1.672000 0.000437
1.673000 0.000437
1.674000 0.000436
1.675000 0.000436
1.676000 0.000436
1.677000 0.000436
1.678000 0.000436
1.679000 0.000436
1.680000 0.000436
1.681000 0.000436
1.682000 0.000436
1.683000 0.000436
1.684000 0.000436
1.685000 0.000436
1.686000 0.000435
1.687000 0.000435
1.688000 0.000435
1.689000 0.000435
1.690000 0.000435
1.691000 0.000435
1.692000 0.000435
1.693000 0.000435
1.694000 0.000435
1.695000 0.000435
1.696000 0.000435
1.697000 0.000435
1.698000 0.000434
1.699000 0.000434
1.700000 0.000434
1.701000 0.000434
1.702000 0.000434
1.703000 0.000434
1.704000 0.000434
1.705000 0.000434
1.706000 0.000434
1.707000 0.000434
1.708000 0.000434
1.709000 0.000434
1.710000 0.000433
1.711000 0.000433
1.712000 0.000433
1.713000 0.000433
1.714000 0.000433
1.715000 0.000433
1.716000 0.000433
1.717000 0.000433
1.718000 0.000433
1.719000 0.000433
1.720000 0.000433
1.721000 0.000433
1.722000 0.000433
1.723000 0.000432
1.724000 0.000432
1.725000 0.000432
1.726000 0.000432
1.727000 0.000432
1.728000 0.000432
1.729000 0.000432
1.730000 0.000432
1.731000 0.000432
1.732000 0.000432
1.733000 0.000432
1.734000 0.000432
1.735000 0.000431
1.736000 0.000431
1.737000 0.000431
1.738000 0.000431
1.739000 0.000431
1.740000 0.000431
1.741000 0.000431
1.742000 0.000431
1.743000 0.000431
1.744000 0.000431
1.745000 0.000431
1.746000 0.000431
1.747000 0.000430
1.748000 0.000430
1.749000 0.000430
1.750000 0.000430
1.751000 0.000430
1.752000 0.000430
1.753000 0.000430
1.754000 0.000430
1.755000 0.000430
1.756000 0.000430
1.757000 0.000430
1.758000 0.000430
1.759000 0.000429
1.760000 0.000429
1.761000 0.000429
1.762000 0.000429
1.763000 0.000429
1.764000 0.000429
1.765000 0.000429
1.766000 0.000429
1.767000 0.000429
1.768000 0.000429
1.769000 0.000429
1.770000 0.000429
1.771000 0.000429
1.772000 0.000428
1.773000 0.000428
1.774000 0.000428
1.775000 0.000428
1.776000 0.000428
1.777000 0.000428
1.778000 0.000428
1.779000 0.000428
1.780000 0.000428
1.781000 0.000428
1.782000 0.000428
1.783000 0.000428
1.784000 0.000427
1.785000 0.000427
1.786000 0.000427
1.787000 0.000427
1.788000 0.000427
1.789000 0.000427
1.790000 0.000427
1.791000 0.000427
1.792000 0.000427
1.793000 0.000427
1.794000 0.000427
1.795000 0.000427
1.796000 0.000427
1.797000 0.000426
1.798000 0.000426
1.799000 0.000426
1.800000 0.000426
1.801000 0.000426
1.802000 0.000426
1.803000 0.000426
1.804000 0.000426
1.805000 0.000426
1.806000 0.000426
1.807000 0.000426
1.808000 0.000426
1.809000 0.000425
1.810000 0.000425
1.811000 0.000425
1.812000 0.000425
1.813000 0.000425
1.814000 0.000425
1.815000 0.000425
1.816000 0.000425
1.817000 0.000425
1.818000 0.000425
1.819000 0.000425
1.820000 0.000425
1.821000 0.000425
1.822000 0.000424
1.823000 0.000424
1.824000 0.000424
1.825000 0.000424
1.826000 0.000424
1.827000 0.000424
1.828000 0.000424
1.829000 0.000424
1.830000 0.000424
1.831000 0.000424
1.832000 0.000424
1.833000 0.000424
1.834000 0.000424
1.835000 0.000423
1.836000 0.000423
1.837000 0.000423
1.838000 0.000423
1.839000 0.000423
1.840000 0.000423
1.841000 0.000423
1.842000 0.000423
1.843000 0.000423
1.844000 0.000423
1.845000 0.000423
1.846000 0.000423
1.847000 0.000423
1.848000 0.000422
1.849000 0.000422
1.850000 0.000422
1.851000 0.000422
1.852000 0.000422
1.853000 0.000422
1.854000 0.000422
1.855000 0.000422
1.856000 0.000422
1.857000 0.000422
1.858000 0.000422
1.859000 0.000422
1.860000 0.000422
1.861000 0.000421
1.862000 0.000421
1.863000 0.000421
1.864000 0.000421
1.865000 0.000421
1.866000 0.000421
1.867000 0.000421
1.868000 0.000421
1.869000 0.000421
1.870000 0.000421
1.871000 0.000421
1.872000 0.000421
1.873000 0.000421
1.874000 0.000420
1.875000 0.000420
1.876000 0.000420
1.877000 0.000420
1.878000 0.000420
1.879000 0.000420
1.880000 0.000420
1.881000 0.000420
1.882000 0.000420
1.883000 0.000420
1.884000 0.000420
1.885000 0.000420
1.886000 0.000420
1.887000 0.000419
1.888000 0.000419
1.889000 0.000419
1.890000 0.000419
1.891000 0.000419
1.892000 0.000419
1.893000 0.000419
1.894000 0.000419
1.895000 0.000419
1.896000 0.000419
1.897000 0.000419
1.898000 0.000419
1.899000 0.000419
1.900000 0.000418
1.901000 0.000418
1.902000 0.000418
1.903000 0.000418
1.904000 0.000418
1.905000 0.000418
1.906000 0.000418
1.907000 0.000418
1.908000 0.000418
1.909000 0.000418
1.910000 0.000418
1.911000 0.000418
1.912000 0.000418
1.913000 0.000417
1.914000 0.000417
1.915000 0.000417
1.916000 0.000417
1.917000 0.000417
1.918000 0.000417
1.919000 0.000417
1.920000 0.000417
1.921000 0.000417
1.922000 0.000417
1.923000 0.000417
1.924000 0.000417
1.925000 0.000417
1.926000 0.000416
1.927000 0.000416
1.928000 0.000416
1.929000 0.000416
1.930000 0.000416
1.931000 0.000416
1.932000 0.000416
1.933000 0.000416
1.934000 0.000416
1.935000 0.000416
1.936000 0.000416
1.937000 0.000416
1.938000 0.000416
1.939000 0.000416
1.940000 0.000415
1.941000 0.000415
1.942000 0.000415
1.943000 0.000415
1.944000 0.000415
1.945000 0.000415
1.946000 0.000415
1.947000 0.000415
1.948000 0.000415
1.949000 0.000415
1.950000 0.000415
1.951000 0.000415
1.952000 0.000415
1.953000 0.000414
1.954000 0.000414
1.955000 0.000414
1.956000 0.000414
1.957000 0.000414
1.958000 0.000414
1.959000 0.000414
1.960000 0.000414
1.961000 0.000414
1.962000 0.000414
1.963000 0.000414
1.964000 0.000414
1.965000 0.000414
1.966000 0.000414
1.967000 0.000413
1.968000 0.000413
1.969000 0.000413
1.970000 0.000413
1.971000 0.000413
1.972000 0.000413
1.973000 0.000413
1.974000 0.000413
1.975000 0.000413
1.976000 0.000413
1.977000 0.000413
1.978000 0.000413
1.979000 0.000413
1.980000 0.000412
1.981000 0.000412
1.982000 0.000412
1.983000 0.000412
1.984000 0.000412
1.985000 0.000412
1.986000 0.000412
1.987000 0.000412
1.988000 0.000412
1.989000 0.000412
1.990000 0.000412
1.991000 0.000412
1.992000 0.000412
1.993000 0.000412
1.994000 0.000411
1.995000 0.000411
1.996000 0.000411
1.997000 0.000411
1.998000 0.000411
1.999000 0.000411
2.000000 0.000411
2.001000 0.000411
2.002000 0.000411
2.003000 0.000411
2.004000 0.000411
2.005000 0.000411
2.006000 0.000411
2.007000 0.000410
2.008000 0.000410
2.009000 0.000410
2.010000 0.000410
2.011000 0.000410
2.012000 0.000410
2.013000 0.000410
2.014000 0.000410
2.015000 0.000410
2.016000 0.000410
2.017000 0.000410
2.018000 0.000410
2.019000 0.000410
2.020000 0.000410
2.021000 0.000409
2.022000 0.000409
2.023000 0.000409
2.024000 0.000409
2.025000 0.000409
2.026000 0.000409
2.027000 0.000409
2.028000 0.000409
2.029000 0.000409
2.030000 0.000409
2.031000 0.000409
2.032000 0.000409
2.033000 0.000409
2.034000 0.000409
2.035000 0.000408
2.036000 0.000408
2.037000 0.000408
2.038000 0.000408
2.039000 0.000408
2.040000 0.000408
2.041000 0.000408
2.042000 0.000408
2.043000 0.000408
2.044000 0.000408
2.045000 0.000408
2.046000 0.000408
2.047000 0.000408
2.048000 0.000408
2.049000 0.000407
2.050000 0.000407
2.051000 0.000407
2.052000 0.000407
2.053000 0.000407
2.054000 0.000407
2.055000 0.000407
2.056000 0.000407
2.057000 0.000407
2.058000 0.000407
2.059000 0.000407
2.060000 0.000407
2.061000 0.000407
2.062000 0.000407
2.063000 0.000406
2.064000 0.000406
2.065000 0.000406
2.066000 0.000406
2.067000 0.000406
2.068000 0.000406
2.069000 0.000406
2.070000 0.000406
2.071000 0.000406
2.072000 0.000406
2.073000 0.000406
2.074000 0.000406
2.075000 0.000406
2.076000 0.000406
2.077000 0.000405
2.078000 0.000405
2.079000 0.000405
2.080000 0.000405
2.081000 0.000405
2.082000 0.000405
2.083000 0.000405
2.084000 0.000405
2.085000 0.000405
2.086000 0.000405
2.087000 0.000405
2.088000 0.000405
2.089000 0.000405
2.090000 0.000405
2.091000 0.000404
2.092000 0.000404
2.093000 0.000404
2.094000 0.000404
2.095000 0.000404
2.096000 0.000404
2.097000 0.000404
2.098000 0.000404
2.099000 0.000404
2.100000 0.000404
2.101000 0.000404
2.102000 0.000404
2.103000 0.000404
2.104000 0.000404
2.105000 0.000404
2.106000 0.000403
2.107000 0.000403
2.108000 0.000403
2.109000 0.000403
2.110000 0.000403
2.111000 0.000403
2.112000 0.000403
2.113000 0.000403
2.114000 0.000403
2.115000 0.000403
2.116000 0.000403
2.117000 0.000403
2.118000 0.000403
2.119000 0.000403
2.120000 0.000402
2.121000 0.000402
2.122000 0.000402
2.123000 0.000402
2.124000 0.000402
2.125000 0.000402
2.126000 0.000402
2.127000 0.000402
2.128000 0.000402
2.129000 0.000402
2.130000 0.000402
2.131000 0.000402
2.132000 0.000402
2.133000 0.000402
2.134000 0.000401
2.135000 0.000401
2.136000 0.000401
2.137000 0.000401
2.138000 0.000401
2.139000 0.000401
2.140000 0.000401
2.141000 0.000401
2.142000 0.000401
2.143000 0.000401
2.144000 0.000401
2.145000 0.000401
2.146000 0.000401
2.147000 0.000401
2.148000 0.000401
2.149000 0.000400
2.150000 0.000400
2.151000 0.000400
2.152000 0.000400
2.153000 0.000400
2.154000 0.000400
2.155000 0.000400
2.156000 0.000400
2.157000 0.000400
2.158000 0.000400
2.159000 0.000400
2.160000 0.000400
2.161000 0.000400
2.162000 0.000400
2.163000 0.000399
2.164000 0.000399
2.165000 0.000399
2.166000 0.000399
2.167000 0.000399
2.168000 0.000399
2.169000 0.000399
2.170000 0.000399
2.171000 0.000399
2.172000 0.000399
2.173000 0.000399
2.174000 0.000399
2.175000 0.000399
2.176000 0.000399
2.177000 0.000399
2.178000 0.000398
2.179000 0.000398
2.180000 0.000398
2.181000 0.000398
2.182000 0.000398
2.183000 0.000398
2.184000 0.000398
2.185000 0.000398
2.186000 0.000398
2.187000 0.000398
2.188000 0.000398
2.189000 0.000398
2.190000 0.000398
2.191000 0.000398
2.192000 0.000398
2.193000 0.000397
2.194000 0.000397
2.195000 0.000397
2.196000 0.000397
2.197000 0.000397
2.198000 0.000397
2.199000 0.000397
2.200000 0.000397
2.201000 0.000397
2.202000 0.000397
2.203000 0.000397
2.204000 0.000397
2.205000 0.000397
2.206000 0.000397
2.207000 0.000397
2.208000 0.000396
2.209000 0.000396
2.210000 0.000396
2.211000 0.000396
2.212000 0.000396
2.213000 0.000396
2.214000 0.000396
2.215000 0.000396
2.216000 0.000396
2.217000 0.000396
2.218000 0.000396
2.219000 0.000396
2.220000 0.000396
2.221000 0.000396
2.222000 0.000395
2.223000 0.000395
2.224000 0.000395
2.225000 0.000395
2.226000 0.000395
2.227000 0.000395
2.228000 0.000395
2.229000 0.000395
2.230000 0.000395
2.231000 0.000395
2.232000 0.000395
2.233000 0.000395
2.234000 0.000395
2.235000 0.000395
2.236000 0.000395
2.237000 0.000394
2.238000 0.000394
2.239000 0.000394
2.240000 0.000394
2.241000 0.000394
2.242000 0.000394
2.243000 0.000394
2.244000 0.000394
2.245000 0.000394
2.246000 0.000394
2.247000 0.000394
2.248000 0.000394
2.249000 0.000394
2.250000 0.000394
2.251000 0.000394
2.252000 0.000393
2.253000 0.000393
2.254000 0.000393
2.255000 0.000393
2.256000 0.000393
2.257000 0.000393
2.258000 0.000393
2.259000 0.000393
2.260000 0.000393
2.261000 0.000393
2.262000 0.000393
2.263000 0.000393
2.264000 0.000393
2.265000 0.000393
2.266000 0.000393
2.267000 0.000393
2.268000 0.000392
2.269000 0.000392
2.270000 0.000392
2.271000 0.000392
2.272000 0.000392
2.273000 0.000392
2.274000 0.000392
2.275000 0.000392
2.276000 0.000392
2.277000 0.000392
2.278000 0.000392
2.279000 0.000392
2.280000 0.000392
2.281000 0.000392
2.282000 0.000392
2.283000 0.000391
2.284000 0.000391
2.285000 0.000391
2.286000 0.000391
2.287000 0.000391
2.288000 0.000391
2.289000 0.000391
2.290000 0.000391
2.291000 0.000391
2.292000 0.000391
2.293000 0.000391
2.294000 0.000391
2.295000 0.000391
2.296000 0.000391
2.297000 0.000391
2.298000 0.000390
2.299000 0.000390
2.300000 0.000390
2.301000 0.000390
2.302000 0.000390
2.303000 0.000390
2.304000 0.000390
2.305000 0.000390
2.306000 0.000390
2.307000 0.000390
2.308000 0.000390
2.309000 0.000390
2.310000 0.000390
2.311000 0.000390
2.312000 0.000390
2.313000 0.000389
2.314000 0.000389
2.315000 0.000389
2.316000 0.000389
2.317000 0.000389
2.318000 0.000389
2.319000 0.000389
2.320000 0.000389
2.321000 0.000389
2.322000 0.000389
2.323000 0.000389
2.324000 0.000389
2.325000 0.000389
2.326000 0.000389
2.327000 0.000389
2.328000 0.000389
2.329000 0.000388
2.330000 0.000388
2.331000 0.000388
2.332000 0.000388
2.333000 0.000388
2.334000 0.000388
2.335000 0.000388
2.336000 0.000388
2.337000 0.000388
2.338000 0.000388
2.339000 0.000388
2.340000 0.000388
2.341000 0.000388
2.342000 0.000388
2.343000 0.000388
2.344000 0.000387
2.345000 0.000387
2.346000 0.000387
2.347000 0.000387
2.348000 0.000387
2.349000 0.000387
2.350000 0.000387
2.351000 0.000387
2.352000 0.000387
2.353000 0.000387
2.354000 0.000387
2.355000 0.000387
2.356000 0.000387
2.357000 0.000387
2.358000 0.000387
2.359000 0.000387
2.360000 0.000386
2.361000 0.000386
2.362000 0.000386
2.363000 0.000386
2.364000 0.000386
2.365000 0.000386
2.366000 0.000386
2.367000 0.000386
2.368000 0.000386
2.369000 0.000386
2.370000 0.000386
2.371000 0.000386
2.372000 0.000386
2.373000 0.000386
2.374000 0.000386
2.375000 0.000386
2.376000 0.000385
2.377000 0.000385
2.378000 0.000385
2.379000 0.000385
2.380000 0.000385
2.381000 0.000385
2.382000 0.000385
2.383000 0.000385
2.384000 0.000385
2.385000 0.000385
2.386000 0.000385
2.387000 0.000385
2.388000 0.000385
2.389000 0.000385
2.390000 0.000385
2.391000 0.000385
2.392000 0.000384
2.393000 0.000384
2.394000 0.000384
2.395000 0.000384
2.396000 0.000384
2.397000 0.000384
2.398000 0.000384
2.399000 0.000384
2.400000 0.000384
2.401000 0.000384
2.402000 0.000384
2.403000 0.000384
2.404000 0.000384
2.405000 0.000384
2.406000 0.000384
2.407000 0.000384
2.408000 0.000383
2.409000 0.000383
2.410000 0.000383
2.411000 0.000383
2.412000 0.000383
2.413000 0.000383
2.414000 0.000383
2.415000 0.000383
2.416000 0.000383
2.417000 0.000383
2.418000 0.000383
2.419000 0.000383
2.420000 0.000383
2.421000 0.000383
2.422000 0.000383
2.423000 0.000382
2.424000 0.000382
2.425000 0.000382
2.426000 0.000382
2.427000 0.000382
2.428000 0.000382
2.429000 0.000382
2.430000 0.000382
2.431000 0.000382
2.432000 0.000382
2.433000 0.000382
2.434000 0.000382
2.435000 0.000382
2.436000 0.000382
2.437000 0.000382
2.438000 0.000382
2.439000 0.000382
2.440000 0.000381
2.441000 0.000381
2.442000 0.000381
2.443000 0.000381
2.444000 0.000381
2.445000 0.000381
2.446000 0.000381
2.447000 0.000381
2.448000 0.000381
2.449000 0.000381
2.450000 0.000381
2.451000 0.000381
2.452000 0.000381
2.453000 0.000381
2.454000 0.000381
2.455000 0.000381
2.456000 0.000380
2.457000 0.000380
2.458000 0.000380
2.459000 0.000380
2.460000 0.000380
2.461000 0.000380
2.462000 0.000380
2.463000 0.000380
2.464000 0.000380
2.465000 0.000380
2.466000 0.000380
2.467000 0.000380
2.468000 0.000380
2.469000 0.000380
2.470000 0.000380
2.471000 0.000380
2.472000 0.000379
2.473000 0.000379
2.474000 0.000379
2.475000 0.000379
2.476000 0.000379
2.477000 0.000379
2.478000 0.000379
2.479000 0.000379
2.480000 0.000379
2.481000 0.000379
2.482000 0.000379
2.483000 0.000379
2.484000 0.000379
2.485000 0.000379
2.486000 0.000379
2.487000 0.000379
2.488000 0.000378
2.489000 0.000378
2.490000 0.000378
2.491000 0.000378
2.492000 0.000378
2.493000 0.000378
2.494000 0.000378
2.495000 0.000378
2.496000 0.000378
2.497000 0.000378
2.498000 0.000378
2.499000 0.000378
2.500000 0.000378
2.501000 0.000378
2.502000 0.000378
2.503000 0.000378
2.504000 0.000378
2.505000 0.000377
2.506000 0.000377
2.507000 0.000377
2.508000 0.000377
2.509000 0.000377
2.510000 0.000377
2.511000 0.000377
2.512000 0.000377
2.513000 0.000377
2.514000 0.000377
2.515000 0.000377
2.516000 0.000377
2.517000 0.000377
2.518000 0.000377
2.519000 0.000377
2.520000 0.000377
2.521000 0.000376
2.522000 0.000376
2.523000 0.000376
2.524000 0.000376
2.525000 0.000376
2.526000 0.000376
2.527000 0.000376
2.528000 0.000376
2.529000 0.000376
2.530000 0.000376
2.531000 0.000376
2.532000 0.000376
2.533000 0.000376
2.534000 0.000376
2.535000 0.000376
2.536000 0.000376
2.537000 0.000376
2.538000 0.000375
2.539000 0.000375
2.540000 0.000375
2.541000 0.000375
2.542000 0.000375
2.543000 0.000375
2.544000 0.000375
2.545000 0.000375
2.546000 0.000375
2.547000 0.000375
2.548000 0.000375
2.549000 0.000375
2.550000 0.000375
2.551000 0.000375
2.552000 0.000375
2.553000 0.000375
2.554000 0.000375
2.555000 0.000374
2.556000 0.000374
2.557000 0.000374
2.558000 0.000374
2.559000 0.000374
2.560000 0.000374
2.561000 0.000374
2.562000 0.000374
2.563000 0.000374
2.564000 0.000374
2.565000 0.000374
2.566000 0.000374
2.567000 0.000374
2.568000 0.000374
2.569000 0.000374
2.570000 0.000374
2.571000 0.000373
2.572000 0.000373
2.573000 0.000373
2.574000 0.000373
2.575000 0.000373
2.576000 0.000373
2.577000 0.000373
2.578000 0.000373
2.579000 0.000373
2.580000 0.000373
2.581000 0.000373
2.582000 0.000373
2.583000 0.000373
2.584000 0.000373
2.585000 0.000373
2.586000 0.000373
2.587000 0.000373
2.588000 0.000372
2.589000 0.000372
2.590000 0.000372
2.591000 0.000372
2.592000 0.000372
2.593000 0.000372
2.594000 0.000372
2.595000 0.000372
2.596000 0.000372
2.597000 0.000372
2.598000 0.000372
2.599000 0.000372
2.600000 0.000372
2.601000 0.000372
2.602000 0.000372
2.603000 0.000372
2.604000 0.000372
2.605000 0.000371
2.606000 0.000371
2.607000 0.000371
2.608000 0.000371
2.609000 0.000371
2.610000 0.000371
2.611000 0.000371
2.612000 0.000371
2.613000 0.000371
2.614000 0.000371
2.615000 0.000371
2.616000 0.000371
2.617000 0.000371
2.618000 0.000371
2.619000 0.000371
2.620000 0.000371
2.621000 0.000371
2.622000 0.000370
2.623000 0.000370
2.624000 0.000370
2.625000 0.000370
2.626000 0.000370
2.627000 0.000370
2.628000 0.000370
2.629000 0.000370
2.630000 0.000370
2.631000 0.000370
2.632000 0.000370
2.633000 0.000370
2.634000 0.000370
2.635000 0.000370
2.636000 0.000370
2.637000 0.000370
2.638000 0.000370
2.639000 0.000369
2.640000 0.000369
2.641000 0.000369
2.642000 0.000369
2.643000 0.000369
2.644000 0.000369
2.645000 0.000369
2.646000 0.000369
2.647000 0.000369
2.648000 0.000369
2.649000 0.000369
2.650000 0.000369
2.651000 0.000369
2.652000 0.000369
2.653000 0.000369
2.654000 0.000369
2.655000 0.000369
2.656000 0.000369
2.657000 0.000368
2.658000 0.000368
2.659000 0.000368
2.660000 0.000368
2.661000 0.000368
2.662000 0.000368
2.663000 0.000368
2.664000 0.000368
2.665000 0.000368
2.666000 0.000368
2.667000 0.000368
2.668000 0.000368
2.669000 0.000368
2.670000 0.000368
2.671000 0.000368
2.672000 0.000368
2.673000 0.000368
2.674000 0.000367
2.675000 0.000367
2.676000 0.000367
2.677000 0.000367
2.678000 0.000367
2.679000 0.000367
2.680000 0.000367
2.681000 0.000367
2.682000 0.000367
2.683000 0.000367
2.684000 0.000367
2.685000 0.000367
2.686000 0.000367
2.687000 0.000367
2.688000 0.000367
2.689000 0.000367
2.690000 0.000367
2.691000 0.000367
2.692000 0.000366
2.693000 0.000366
2.694000 0.000366
2.695000 0.000366
2.696000 0.000366
2.697000 0.000366
2.698000 0.000366
2.699000 0.000366
2.700000 0.000366
2.701000 0.000366
2.702000 0.000366
2.703000 0.000366
2.704000 0.000366
2.705000 0.000366
2.706000 0.000366
2.707000 0.000366
2.708000 0.000366
2.709000 0.000365
2.710000 0.000365
2.711000 0.000365
2.712000 0.000365
2.713000 0.000365
2.714000 0.000365
2.715000 0.000365
2.716000 0.000365
2.717000 0.000365
2.718000 0.000365
2.719000 0.000365
2.720000 0.000365
2.721000 0.000365
2.722000 0.000365
2.723000 0.000365
2.724000 0.000365
2.725000 0.000365
2.726000 0.000365
2.727000 0.000364
2.728000 0.000364
2.729000 0.000364
2.730000 0.000364
2.731000 0.000364
2.732000 0.000364
2.733000 0.000364
2.734000 0.000364
2.735000 0.000364
2.736000 0.000364
2.737000 0.000364
2.738000 0.000364
2.739000 0.000364
2.740000 0.000364
2.741000 0.000364
2.742000 0.000364
2.743000 0.000364
2.744000 0.000364
2.745000 0.000363
2.746000 0.000363
2.747000 0.000363
2.748000 0.000363
2.749000 0.000363
2.750000 0.000363
2.751000 0.000363
2.752000 0.000363
2.753000 0.000363
2.754000 0.000363
2.755000 0.000363
2.756000 0.000363
2.757000 0.000363
2.758000 0.000363
2.759000 0.000363
2.760000 0.000363
2.761000 0.000363
2.762000 0.000362
2.763000 0.000362
2.764000 0.000362
2.765000 0.000362
2.766000 0.000362
2.767000 0.000362
2.768000 0.000362
2.769000 0.000362
2.770000 0.000362
2.771000 0.000362
2.772000 0.000362
2.773000 0.000362
2.774000 0.000362
2.775000 0.000362
2.776000 0.000362
2.777000 0.000362
2.778000 0.000362
2.779000 0.000362
2.780000 0.000361
2.781000 0.000361
2.782000 0.000361
2.783000 0.000361
2.784000 0.000361
2.785000 0.000361
2.786000 0.000361
2.787000 0.000361
2.788000 0.000361
2.789000 0.000361
2.790000 0.000361
2.791000 0.000361
2.792000 0.000361
2.793000 0.000361
2.794000 0.000361
2.795000 0.000361
2.796000 0.000361
2.797000 0.000361
2.798000 0.000360
2.799000 0.000360
2.800000 0.000360
2.801000 0.000360
2.802000 0.000360
2.803000 0.000360
2.804000 0.000360
2.805000 0.000360
2.806000 0.000360
2.807000 0.000360
2.808000 0.000360
2.809000 0.000360
2.810000 0.000360
2.811000 0.000360
2.812000 0.000360
2.813000 0.000360
2.814000 0.000360
2.815000 0.000360
2.816000 0.000360
2.817000 0.000359
2.818000 0.000359
2.819000 0.000359
2.820000 0.000359
2.821000 0.000359
2.822000 0.000359
2.823000 0.000359
2.824000 0.000359
2.825000 0.000359
2.826000 0.000359
2.827000 0.000359
2.828000 0.000359
2.829000 0.000359
2.830000 0.000359
2.831000 0.000359
2.832000 0.000359
2.833000 0.000359
2.834000 0.000359
2.835000 0.000358
2.836000 0.000358
2.837000 0.000358
2.838000 0.000358
2.839000 0.000358
2.840000 0.000358
2.841000 0.000358
2.842000 0.000358
2.843000 0.000358
2.844000 0.000358
2.845000 0.000358
2.846000 0.000358
2.847000 0.000358
2.848000 0.000358
2.849000 0.000358
2.850000 0.000358
2.851000 0.000358
2.852000 0.000358
2.853000 0.000357
2.854000 0.000357
2.855000 0.000357
2.856000 0.000357
2.857000 0.000357
2.858000 0.000357
2.859000 0.000357
2.860000 0.000357
2.861000 0.000357
2.862000 0.000357
2.863000 0.000357
2.864000 0.000357
2.865000 0.000357
2.866000 0.000357
2.867000 0.000357
2.868000 0.000357
2.869000 0.000357
2.870000 0.000357
2.871000 0.000357
2.872000 0.000356
2.873000 0.000356
2.874000 0.000356
2.875000 0.000356
2.876000 0.000356
2.877000 0.000356
2.878000 0.000356
2.879000 0.000356
2.880000 0.000356
2.881000 0.000356
2.882000 0.000356
2.883000 0.000356
2.884000 0.000356
2.885000 0.000356
2.886000 0.000356
2.887000 0.000356
2.888000 0.000356
2.889000 0.000356
2.890000 0.000355
2.891000 0.000355
2.892000 0.000355
2.893000 0.000355
2.894000 0.000355
2.895000 0.000355
2.896000 0.000355
2.897000 0.000355
2.898000 0.000355
2.899000 0.000355
2.900000 0.000355
2.901000 0.000355
2.902000 0.000355
2.903000 0.000355
2.904000 0.000355
2.905000 0.000355
2.906000 0.000355
2.907000 0.000355
2.908000 0.000355
2.909000 0.000354
2.910000 0.000354
2.911000 0.000354
2.912000 0.000354
2.913000 0.000354
2.914000 0.000354
2.915000 0.000354
2.916000 0.000354
2.917000 0.000354
2.918000 0.000354
2.919000 0.000354
2.920000 0.000354
2.921000 0.000354
2.922000 0.000354
2.923000 0.000354
2.924000 0.000354
2.925000 0.000354
2.926000 0.000354
2.927000 0.000354
2.928000 0.000353
2.929000 0.000353
2.930000 0.000353
2.931000 0.000353
2.932000 0.000353
2.933000 0.000353
2.934000 0.000353
2.935000 0.000353
2.936000 0.000353
2.937000 0.000353
2.938000 0.000353
2.939000 0.000353
2.940000 0.000353
2.941000 0.000353
2.942000 0.000353
2.943000 0.000353
2.944000 0.000353
2.945000 0.000353
2.946000 0.000353
2.947000 0.000352
2.948000 0.000352
2.949000 0.000352
2.950000 0.000352
2.951000 0.000352
2.952000 0.000352
2.953000 0.000352
2.954000 0.000352
2.955000 0.000352
2.956000 0.000352
2.957000 0.000352
2.958000 0.000352
2.959000 0.000352
2.960000 0.000352
2.961000 0.000352
2.962000 0.000352
2.963000 0.000352
2.964000 0.000352
2.965000 0.000352
2.966000 0.000351
2.967000 0.000351
2.968000 0.000351
2.969000 0.000351
2.970000 0.000351
2.971000 0.000351
2.972000 0.000351
2.973000 0.000351
2.974000 0.000351
2.975000 0.000351
2.976000 0.000351
2.977000 0.000351
2.978000 0.000351
2.979000 0.000351
2.980000 0.000351
2.981000 0.000351
2.982000 0.000351
2.983000 0.000351
2.984000 0.000351
2.985000 0.000350
2.986000 0.000350
2.987000 0.000350
2.988000 0.000350
2.989000 0.000350
2.990000 0.000350
2.991000 0.000350
2.992000 0.000350
2.993000 0.000350
2.994000 0.000350
2.995000 0.000350
2.996000 0.000350
2.997000 0.000350
2.998000 0.000350
2.999000 0.000350
3.000000 0.000350
3.001000 0.000350
3.002000 0.000350
3.003000 0.000350
3.004000 0.000349
3.005000 0.000349
3.006000 0.000349
3.007000 0.000349
3.008000 0.000349
3.009000 0.000349
3.010000 0.000349
3.011000 0.000349
3.012000 0.000349
3.013000 0.000349
3.014000 0.000349
3.015000 0.000349
3.016000 0.000349
3.017000 0.000349
3.018000 0.000349
3.019000 0.000349
3.020000 0.000349
3.021000 0.000349
3.022000 0.000349
3.023000 0.000349
3.024000 0.000348
3.025000 0.000348
3.026000 0.000348
3.027000 0.000348
3.028000 0.000348
3.029000 0.000348
3.030000 0.000348
3.031000 0.000348
3.032000 0.000348
3.033000 0.000348
3.034000 0.000348
3.035000 0.000348
3.036000 0.000348
3.037000 0.000348
3.038000 0.000348
3.039000 0.000348
3.040000 0.000348
3.041000 0.000348
3.042000 0.000348
3.043000 0.000347
3.044000 0.000347
3.045000 0.000347
3.046000 0.000347
3.047000 0.000347
3.048000 0.000347
3.049000 0.000347
3.050000 0.000347
3.051000 0.000347
3.052000 0.000347
3.053000 0.000347
3.054000 0.000347
3.055000 0.000347
3.056000 0.000347
3.057000 0.000347
3.058000 0.000347
3.059000 0.000347
3.060000 0.000347
3.061000 0.000347
3.062000 0.000347
3.063000 0.000346
3.064000 0.000346
3.065000 0.000346
3.066000 0.000346
3.067000 0.000346
3.068000 0.000346
3.069000 0.000346
3.070000 0.000346
3.071000 0.000346
3.072000 0.000346
3.073000 0.000346
3.074000 0.000346
3.075000 0.000346
3.076000 0.000346
3.077000 0.000346
3.078000 0.000346
3.079000 0.000346
3.080000 0.000346
3.081000 0.000346
3.082000 0.000345
3.083000 0.000345
3.084000 0.000345
3.085000 0.000345
3.086000 0.000345
3.087000 0.000345
3.088000 0.000345
3.089000 0.000345
3.090000 0.000345
3.091000 0.000345
3.092000 0.000345
3.093000 0.000345
3.094000 0.000345
3.095000 0.000345
3.096000 0.000345
3.097000 0.000345
3.098000 0.000345
3.099000 0.000345
3.100000 0.000345
3.101000 0.000345
3.102000 0.000344
3.103000 0.000344
3.104000 0.000344
3.105000 0.000344
3.106000 0.000344
3.107000 0.000344
3.108000 0.000344
3.109000 0.000344
3.110000 0.000344
3.111000 0.000344
3.112000 0.000344
3.113000 0.000344
3.114000 0.000344
3.115000 0.000344
3.116000 0.000344
3.117000 0.000344
3.118000 0.000344
3.119000 0.000344
3.120000 0.000344
3.121000 0.000344
3.122000 0.000343
3.123000 0.000343
3.124000 0.000343
3.125000 0.000343
3.126000 0.000343
3.127000 0.000343
3.128000 0.000343
3.129000 0.000343
3.130000 0.000343
3.131000 0.000343
3.132000 0.000343
3.133000 0.000343
3.134000 0.000343
3.135000 0.000343
3.136000 0.000343
3.137000 0.000343
3.138000 0.000343
3.139000 0.000343
3.140000 0.000343
3.141000 0.000343
3.142000 0.000342
3.143000 0.000342
3.144000 0.000342
3.145000 0.000342
3.146000 0.000342
3.147000 0.000342
3.148000 0.000342
3.149000 0.000342
3.150000 0.000342
3.151000 0.000342
3.152000 0.000342
3.153000 0.000342
3.154000 0.000342
3.155000 0.000342
3.156000 0.000342
3.157000 0.000342
3.158000 0.000342
3.159000 0.000342
3.160000 0.000342
3.161000 0.000342
3.162000 0.000342
3.163000 0.000341
3.164000 0.000341
3.165000 0.000341
3.166000 0.000341
3.167000 0.000341
3.168000 0.000341
3.169000 0.000341
3.170000 0.000341
3.171000 0.000341
3.172000 0.000341
3.173000 0.000341
3.174000 0.000341
3.175000 0.000341
3.176000 0.000341
3.177000 0.000341
3.178000 0.000341
3.179000 0.000341
3.180000 0.000341
3.181000 0.000341
3.182000 0.000341
3.183000 0.000340
3.184000 0.000340
3.185000 0.000340
3.186000 0.000340
3.187000 0.000340
3.188000 0.000340
3.189000 0.000340
3.190000 0.000340
3.191000 0.000340
3.192000 0.000340
3.193000 0.000340
3.194000 0.000340
3.195000 0.000340
3.196000 0.000340
3.197000 0.000340
3.198000 0.000340
3.199000 0.000340
3.200000 0.000340
3.201000 0.000340
3.202000 0.000340
3.203000 0.000339
3.204000 0.000339
3.205000 0.000339
3.206000 0.000339
3.207000 0.000339
3.208000 0.000339
3.209000 0.000339
3.210000 0.000339
3.211000 0.000339
3.212000 0.000339
3.213000 0.000339
3.214000 0.000339
3.215000 0.000339
3.216000 0.000339
3.217000 0.000339
3.218000 0.000339
3.219000 0.000339
3.220000 0.000339
3.221000 0.000339
3.222000 0.000339
3.223000 0.000339
3.224000 0.000338
3.225000 0.000338
3.226000 0.000338
3.227000 0.000338
3.228000 0.000338
3.229000 0.000338
3.230000 0.000338
3.231000 0.000338
3.232000 0.000338
3.233000 0.000338
3.234000 0.000338
3.235000 0.000338
3.236000 0.000338
3.237000 0.000338
3.238000 0.000338
3.239000 0.000338
3.240000 0.000338
3.241000 0.000338
3.242000 0.000338
3.243000 0.000338
3.244000 0.000337
3.245000 0.000337
3.246000 0.000337
3.247000 0.000337
3.248000 0.000337
3.249000 0.000337
3.250000 0.000337
3.251000 0.000337
3.252000 0.000337
3.253000 0.000337
3.254000 0.000337
3.255000 0.000337
3.256000 0.000337
3.257000 0.000337
3.258000 0.000337
3.259000 0.000337
3.260000 0.000337
3.261000 0.000337
3.262000 0.000337
3.263000 0.000337
3.264000 0.000337
3.265000 0.000336
3.266000 0.000336
3.267000 0.000336
3.268000 0.000336
3.269000 0.000336
3.270000 0.000336
3.271000 0.000336
3.272000 0.000336
3.273000 0.000336
3.274000 0.000336
3.275000 0.000336
3.276000 0.000336
3.277000 0.000336
3.278000 0.000336
3.279000 0.000336
3.280000 0.000336
3.281000 0.000336
3.282000 0.000336
3.283000 0.000336
3.284000 0.000336
3.285000 0.000336
3.286000 0.000335
3.287000 0.000335
3.288000 0.000335
3.289000 0.000335
3.290000 0.000335
3.291000 0.000335
3.292000 0.000335
3.293000 0.000335
3.294000 0.000335
3.295000 0.000335
3.296000 0.000335
3.297000 0.000335
3.298000 0.000335
3.299000 0.000335
3.300000 0.000335
3.301000 0.000335
3.302000 0.000335
3.303000 0.000335
3.304000 0.000335
3.305000 0.000335
3.306000 0.000335
3.307000 0.000334
3.308000 0.000334
3.309000 0.000334
3.310000 0.000334
3.311000 0.000334
3.312000 0.000334
3.313000 0.000334
3.314000 0.000334
3.315000 0.000334
3.316000 0.000334
3.317000 0.000334
3.318000 0.000334
3.319000 0.000334
3.320000 0.000334
3.321000 0.000334
3.322000 0.000334
3.323000 0.000334
3.324000 0.000334
3.325000 0.000334
3.326000 0.000334
3.327000 0.000334
3.328000 0.000333
3.329000 0.000333
3.330000 0.000333
3.331000 0.000333
3.332000 0.000333
3.333000 0.000333
3.334000 0.000333
3.335000 0.000333
3.336000 0.000333
3.337000 0.000333
3.338000 0.000333
3.339000 0.000333
3.340000 0.000333
3.341000 0.000333
3.342000 0.000333
3.343000 0.000333
3.344000 0.000333
3.345000 0.000333
3.346000 0.000333
3.347000 0.000333
3.348000 0.000333
3.349000 0.000333
3.350000 0.000332
3.351000 0.000332
3.352000 0.000332
3.353000 0.000332
3.354000 0.000332
3.355000 0.000332
3.356000 0.000332
3.357000 0.000332
3.358000 0.000332
3.359000 0.000332
3.360000 0.000332
3.361000 0.000332
3.362000 0.000332
3.363000 0.000332
3.364000 0.000332
3.365000 0.000332
3.366000 0.000332
3.367000 0.000332
3.368000 0.000332
3.369000 0.000332
3.370000 0.000332
3.371000 0.000331
3.372000 0.000331
3.373000 0.000331
3.374000 0.000331
3.375000 0.000331
3.376000 0.000331
3.377000 0.000331
3.378000 0.000331
3.379000 0.000331
3.380000 0.000331
3.381000 0.000331
3.382000 0.000331
3.383000 0.000331
3.384000 0.000331
3.385000 0.000331
3.386000 0.000331
3.387000 0.000331
3.388000 0.000331
3.389000 0.000331
3.390000 0.000331
3.391000 0.000331
3.392000 0.000331
3.393000 0.000330
3.394000 0.000330
3.395000 0.000330
3.396000 0.000330
3.397000 0.000330
3.398000 0.000330
3.399000 0.000330
3.400000 0.000330
3.401000 0.000330
3.402000 0.000330
3.403000 0.000330
3.404000 0.000330
3.405000 0.000330
3.406000 0.000330
3.407000 0.000330
3.408000 0.000330
3.409000 0.000330
3.410000 0.000330
3.411000 0.000330
3.412000 0.000330
3.413000 0.000330
3.414000 0.000330
3.415000 0.000329
3.416000 0.000329
3.417000 0.000329
3.418000 0.000329
3.419000 0.000329
3.420000 0.000329
3.421000 0.000329
3.422000 0.000329
3.423000 0.000329
3.424000 0.000329
3.425000 0.000329
3.426000 0.000329
3.427000 0.000329
3.428000 0.000329
3.429000 0.000329
3.430000 0.000329
3.431000 0.000329
3.432000 0.000329
3.433000 0.000329
3.434000 0.000329
3.435000 0.000329
3.436000 0.000328
3.437000 0.000328
3.438000 0.000328
3.439000 0.000328
3.440000 0.000328
3.441000 0.000328
3.442000 0.000328
3.443000 0.000328
3.444000 0.000328
3.445000 0.000328
3.446000 0.000328
3.447000 0.000328
3.448000 0.000328
3.449000 0.000328
3.450000 0.000328
3.451000 0.000328
3.452000 0.000328
3.453000 0.000328
3.454000 0.000328
3.455000 0.000328
3.456000 0.000328
3.457000 0.000328
3.458000 0.000327
3.459000 0.000327
3.460000 0.000327
3.461000 0.000327
3.462000 0.000327
3.463000 0.000327
3.464000 0.000327
3.465000 0.000327
3.466000 0.000327
3.467000 0.000327
3.468000 0.000327
3.469000 0.000327
3.470000 0.000327
3.471000 0.000327
3.472000 0.000327
3.473000 0.000327
3.474000 0.000327
3.475000 0.000327
3.476000 0.000327
3.477000 0.000327
3.478000 0.000327
3.479000 0.000327
3.480000 0.000327
3.481000 0.000326
3.482000 0.000326
3.483000 0.000326
3.484000 0.000326
3.485000 0.000326
3.486000 0.000326
3.487000 0.000326
3.488000 0.000326
3.489000 0.000326
3.490000 0.000326
3.491000 0.000326
3.492000 0.000326
3.493000 0.000326
3.494000 0.000326
3.495000 0.000326
3.496000 0.000326
3.497000 0.000326
3.498000 0.000326
3.499000 0.000326
3.500000 0.000326
3.501000 0.000326
3.502000 0.000326
3.503000 0.000325
3.504000 0.000325
3.505000 0.000325
3.506000 0.000325
3.507000 0.000325
3.508000 0.000325
3.509000 0.000325
3.510000 0.000325
3.511000 0.000325
3.512000 0.000325
3.513000 0.000325
3.514000 0.000325
3.515000 0.000325
3.516000 0.000325
3.517000 0.000325
3.518000 0.000325
3.519000 0.000325
3.520000 0.000325
3.521000 0.000325
3.522000 0.000325
3.523000 0.000325
3.524000 0.000325
3.525000 0.000324
3.526000 0.000324
3.527000 0.000324
3.528000 0.000324
3.529000 0.000324
3.530000 0.000324
3.531000 0.000324
3.532000 0.000324
3.533000 0.000324
3.534000 0.000324
3.535000 0.000324
3.536000 0.000324
3.537000 0.000324
3.538000 0.000324
3.539000 0.000324
3.540000 0.000324
3.541000 0.000324
3.542000 0.000324
3.543000 0.000324
3.544000 0.000324
3.545000 0.000324
3.546000 0.000324
3.547000 0.000324
3.548000 0.000323
3.549000 0.000323
3.550000 0.000323
3.551000 0.000323
3.552000 0.000323
3.553000 0.000323
3.554000 0.000323
3.555000 0.000323
3.556000 0.000323
3.557000 0.000323
3.558000 0.000323
3.559000 0.000323
3.560000 0.000323
3.561000 0.000323
3.562000 0.000323
3.563000 0.000323
3.564000 0.000323
3.565000 0.000323
3.566000 0.000323
3.567000 0.000323
3.568000 0.000323
3.569000 0.000323
3.570000 0.000322
3.571000 0.000322
3.572000 0.000322
3.573000 0.000322
3.574000 0.000322
3.575000 0.000322
3.576000 0.000322
3.577000 0.000322
3.578000 0.000322
3.579000 0.000322
3.580000 0.000322
3.581000 0.000322
3.582000 0.000322
3.583000 0.000322
3.584000 0.000322
3.585000 0.000322
3.586000 0.000322
3.587000 0.000322
3.588000 0.000322
3.589000 0.000322
3.590000 0.000322
3.591000 0.000322
3.592000 0.000322
3.593000 0.000321
3.594000 0.000321
3.595000 0.000321
3.596000 0.000321
3.597000 0.000321
3.598000 0.000321
3.599000 0.000321
3.600000 0.000321
3.601000 0.000321
3.602000 0.000321
3.603000 0.000321
3.604000 0.000321
3.605000 0.000321
3.606000 0.000321
3.607000 0.000321
3.608000 0.000321
3.609000 0.000321
3.610000 0.000321
3.611000 0.000321
3.612000 0.000321
3.613000 0.000321
3.614000 0.000321
3.615000 0.000321
3.616000 0.000320
3.617000 0.000320
3.618000 0.000320
3.619000 0.000320
3.620000 0.000320
3.621000 0.000320
3.622000 0.000320
3.623000 0.000320
3.624000 0.000320
3.625000 0.000320
3.626000 0.000320
3.627000 0.000320
3.628000 0.000320
3.629000 0.000320
3.630000 0.000320
3.631000 0.000320
3.632000 0.000320
3.633000 0.000320
3.634000 0.000320
3.635000 0.000320
3.636000 0.000320
3.637000 0.000320
3.638000 0.000320
3.639000 0.000319
3.640000 0.000319
3.641000 0.000319
3.642000 0.000319
3.643000 0.000319
3.644000 0.000319
3.645000 0.000319
3.646000 0.000319
3.647000 0.000319
3.648000 0.000319
3.649000 0.000319
3.650000 0.000319
3.651000 0.000319
3.652000 0.000319
3.653000 0.000319
3.654000 0.000319
3.655000 0.000319
3.656000 0.000319
3.657000 0.000319
3.658000 0.000319
3.659000 0.000319
3.660000 0.000319
3.661000 0.000319
3.662000 0.000319
3.663000 0.000318
3.664000 0.000318
3.665000 0.000318
3.666000 0.000318
3.667000 0.000318
3.668000 0.000318
3.669000 0.000318
3.670000 0.000318
3.671000 0.000318
3.672000 0.000318
3.673000 0.000318
3.674000 0.000318
3.675000 0.000318
3.676000 0.000318
3.677000 0.000318
3.678000 0.000318
3.679000 0.000318
3.680000 0.000318
3.681000 0.000318
3.682000 0.000318
3.683000 0.000318
3.684000 0.000318
3.685000 0.000318
3.686000 0.000317
3.687000 0.000317
3.688000 0.000317
3.689000 0.000317
3.690000 0.000317
3.691000 0.000317
3.692000 0.000317
3.693000 0.000317
3.694000 0.000317
3.695000 0.000317
3.696000 0.000317
3.697000 0.000317
3.698000 0.000317
3.699000 0.000317
3.700000 0.000317
3.701000 0.000317
3.702000 0.000317
3.703000 0.000317
3.704000 0.000317
3.705000 0.000317
3.706000 0.000317
3.707000 0.000317
3.708000 0.000317
3.709000 0.000317
3.710000 0.000316
3.711000 0.000316
3.712000 0.000316
3.713000 0.000316
3.714000 0.000316
3.715000 0.000316
3.716000 0.000316
3.717000 0.000316
3.718000 0.000316
3.719000 0.000316
3.720000 0.000316
3.721000 0.000316
3.722000 0.000316
3.723000 0.000316
3.724000 0.000316
3.725000 0.000316
3.726000 0.000316
3.727000 0.000316
3.728000 0.000316
3.729000 0.000316
3.730000 0.000316
3.731000 0.000316
3.732000 0.000316
3.733000 0.000315
3.734000 0.000315
3.735000 0.000315
3.736000 0.000315
3.737000 0.000315
3.738000 0.000315
3.739000 0.000315
3.740000 0.000315
3.741000 0.000315
3.742000 0.000315
3.743000 0.000315
3.744000 0.000315
3.745000 0.000315
3.746000 0.000315
3.747000 0.000315
3.748000 0.000315
3.749000 0.000315
3.750000 0.000315
3.751000 0.000315
3.752000 0.000315
3.753000 0.000315
3.754000 0.000315
3.755000 0.000315
3.756000 0.000315
3.757000 0.000314
3.758000 0.000314
3.759000 0.000314
3.760000 0.000314
3.761000 0.000314
3.762000 0.000314
3.763000 0.000314
3.764000 0.000314
3.765000 0.000314
3.766000 0.000314
3.767000 0.000314
3.768000 0.000314
3.769000 0.000314
3.770000 0.000314
3.771000 0.000314
3.772000 0.000314
3.773000 0.000314
3.774000 0.000314
3.775000 0.000314
3.776000 0.000314
3.777000 0.000314
3.778000 0.000314
3.779000 0.000314
3.780000 0.000314
3.781000 0.000313
3.782000 0.000313
3.783000 0.000313
3.784000 0.000313
3.785000 0.000313
3.786000 0.000313
3.787000 0.000313
3.788000 0.000313
3.789000 0.000313
3.790000 0.000313
3.791000 0.000313
3.792000 0.000313
3.793000 0.000313
3.794000 0.000313
3.795000 0.000313
3.796000 0.000313
3.797000 0.000313
3.798000 0.000313
3.799000 0.000313
3.800000 0.000313
3.801000 0.000313
3.802000 0.000313
3.803000 0.000313
3.804000 0.000313
3.805000 0.000312
3.806000 0.000312
3.807000 0.000312
3.808000 0.000312
3.809000 0.000312
3.810000 0.000312
3.811000 0.000312
3.812000 0.000312
3.813000 0.000312
3.814000 0.000312
3.815000 0.000312
3.816000 0.000312
3.817000 0.000312
3.818000 0.000312
3.819000 0.000312
3.820000 0.000312
3.821000 0.000312
3.822000 0.000312
3.823000 0.000312
3.824000 0.000312
3.825000 0.000312
3.826000 0.000312
3.827000 0.000312
3.828000 0.000312
3.829000 0.000312
3.830000 0.000311
3.831000 0.000311
3.832000 0.000311
3.833000 0.000311
3.834000 0.000311
3.835000 0.000311
3.836000 0.000311
3.837000 0.000311
3.838000 0.000311
3.839000 0.000311
3.840000 0.000311
3.841000 0.000311
3.842000 0.000311
3.843000 0.000311
3.844000 0.000311
3.845000 0.000311
3.846000 0.000311
3.847000 0.000311
3.848000 0.000311
3.849000 0.000311
3.850000 0.000311
3.851000 0.000311
3.852000 0.000311
3.853000 0.000311
3.854000 0.000310
3.855000 0.000310
3.856000 0.000310
3.857000 0.000310
3.858000 0.000310
3.859000 0.000310
3.860000 0.000310
3.861000 0.000310
3.862000 0.000310
3.863000 0.000310
3.864000 0.000310
3.865000 0.000310
3.866000 0.000310
3.867000 0.000310
3.868000 0.000310
3.869000 0.000310
3.870000 0.000310
3.871000 0.000310
3.872000 0.000310
3.873000 0.000310
3.874000 0.000310
3.875000 0.000310
3.876000 0.000310
3.877000 0.000310
3.878000 0.000310
3.879000 0.000309
3.880000 0.000309
3.881000 0.000309
3.882000 0.000309
3.883000 0.000309
3.884000 0.000309
3.885000 0.000309
3.886000 0.000309
3.887000 0.000309
3.888000 0.000309
3.889000 0.000309
3.890000 0.000309
3.891000 0.000309
3.892000 0.000309
3.893000 0.000309
3.894000 0.000309
3.895000 0.000309
3.896000 0.000309
3.897000 0.000309
3.898000 0.000309
3.899000 0.000309
3.900000 0.000309
3.901000 0.000309
3.902000 0.000309
3.903000 0.000309
3.904000 0.000308
3.905000 0.000308
3.906000 0.000308
3.907000 0.000308
3.908000 0.000308
3.909000 0.000308
3.910000 0.000308
3.911000 0.000308
3.912000 0.000308
3.913000 0.000308
3.914000 0.000308
3.915000 0.000308
3.916000 0.000308
3.917000 0.000308
3.918000 0.000308
3.919000 0.000308
3.920000 0.000308
3.921000 0.000308
3.922000 0.000308
3.923000 0.000308
3.924000 0.000308
3.925000 0.000308
3.926000 0.000308
3.927000 0.000308
3.928000 0.000308
3.929000 0.000307
3.930000 0.000307
3.931000 0.000307
3.932000 0.000307
3.933000 0.000307
3.934000 0.000307
3.935000 0.000307
3.936000 0.000307
3.937000 0.000307
3.938000 0.000307
3.939000 0.000307
3.940000 0.000307
3.941000 0.000307
3.942000 0.000307
3.943000 0.000307
3.944000 0.000307
3.945000 0.000307
3.946000 0.000307
3.947000 0.000307
3.948000 0.000307
3.949000 0.000307
3.950000 0.000307
3.951000 0.000307
3.952000 0.000307
3.953000 0.000307
3.954000 0.000306
3.955000 0.000306
3.956000 0.000306
3.957000 0.000306
3.958000 0.000306
3.959000 0.000306
3.960000 0.000306
3.961000 0.000306
3.962000 0.000306
3.963000 0.000306
3.964000 0.000306
3.965000 0.000306
3.966000 0.000306
3.967000 0.000306
3.968000 0.000306
3.969000 0.000306
3.970000 0.000306
3.971000 0.000306
3.972000 0.000306
3.973000 0.000306
3.974000 0.000306
3.975000 0.000306
3.976000 0.000306
3.977000 0.000306
3.978000 0.000306
3.979000 0.000305
3.980000 0.000305
3.981000 0.000305
3.982000 0.000305
3.983000 0.000305
3.984000 0.000305
3.985000 0.000305
3.986000 0.000305
3.987000 0.000305
3.988000 0.000305
3.989000 0.000305
3.990000 0.000305
3.991000 0.000305
3.992000 0.000305
3.993000 0.000305
3.994000 0.000305
3.995000 0.000305
3.996000 0.000305
3.997000 0.000305
3.998000 0.000305
3.999000 0.000305
4.000000 0.000305
4.001000 0.000305
4.002000 0.000305
4.003000 0.000305
4.004000 0.000305
4.005000 0.000304
4.006000 0.000304
4.007000 0.000304
4.008000 0.000304
4.009000 0.000304
4.010000 0.000304
4.011000 0.000304
4.012000 0.000304
4.013000 0.000304
4.014000 0.000304
4.015000 0.000304
4.016000 0.000304
4.017000 0.000304
4.018000 0.000304
4.019000 0.000304
4.020000 0.000304
4.021000 0.000304
4.022000 0.000304
4.023000 0.000304
4.024000 0.000304
4.025000 0.000304
4.026000 0.000304
4.027000 0.000304
4.028000 0.000304
4.029000 0.000304
4.030000 0.000303
4.031000 0.000303
4.032000 0.000303
4.033000 0.000303
4.034000 0.000303
4.035000 0.000303
4.036000 0.000303
4.037000 0.000303
4.038000 0.000303
4.039000 0.000303
4.040000 0.000303
4.041000 0.000303
4.042000 0.000303
4.043000 0.000303
4.044000 0.000303
4.045000 0.000303
4.046000 0.000303
4.047000 0.000303
4.048000 0.000303
4.049000 0.000303
4.050000 0.000303
4.051000 0.000303
4.052000 0.000303
4.053000 0.000303
4.054000 0.000303
4.055000 0.000303
4.056000 0.000302
4.057000 0.000302
4.058000 0.000302
4.059000 0.000302
4.060000 0.000302
4.061000 0.000302
4.062000 0.000302
4.063000 0.000302
4.064000 0.000302
4.065000 0.000302
4.066000 0.000302
4.067000 0.000302
4.068000 0.000302
4.069000 0.000302
4.070000 0.000302
4.071000 0.000302
4.072000 0.000302
4.073000 0.000302
4.074000 0.000302
4.075000 0.000302
4.076000 0.000302
4.077000 0.000302
4.078000 0.000302
4.079000 0.000302
4.080000 0.000302
4.081000 0.000302
4.082000 0.000301
4.083000 0.000301
4.084000 0.000301
4.085000 0.000301
4.086000 0.000301
4.087000 0.000301
4.088000 0.000301
4.089000 0.000301
4.090000 0.000301
4.091000 0.000301
4.092000 0.000301
4.093000 0.000301
4.094000 0.000301
4.095000 0.000301
4.096000 0.000301
4.097000 0.000301
4.098000 0.000301
4.099000 0.000301
4.100000 0.000301
4.101000 0.000301
4.102000 0.000301
4.103000 0.000301
4.104000 0.000301
4.105000 0.000301
4.106000 0.000301
4.107000 0.000301
4.108000 0.000300
4.109000 0.000300
4.110000 0.000300
4.111000 0.000300
4.112000 0.000300
4.113000 0.000300
4.114000 0.000300
4.115000 0.000300
4.116000 0.000300
4.117000 0.000300
4.118000 0.000300
4.119000 0.000300
4.120000 0.000300
4.121000 0.000300
4.122000 0.000300
4.123000 0.000300
4.124000 0.000300
4.125000 0.000300
4.126000 0.000300
4.127000 0.000300
4.128000 0.000300
4.129000 0.000300
4.130000 0.000300
4.131000 0.000300
4.132000 0.000300
4.133000 0.000300
4.134000 0.000300
4.135000 0.000299
4.136000 0.000299
4.137000 0.000299
4.138000 0.000299
4.139000 0.000299
4.140000 0.000299
4.141000 0.000299
4.142000 0.000299
4.143000 0.000299
4.144000 0.000299
4.145000 0.000299
4.146000 0.000299
4.147000 0.000299
4.148000 0.000299
4.149000 0.000299
4.150000 0.000299
4.151000 0.000299
4.152000 0.000299
4.153000 0.000299
4.154000 0.000299
4.155000 0.000299
4.156000 0.000299
4.157000 0.000299
4.158000 0.000299
4.159000 0.000299
4.160000 0.000299
4.161000 0.000298
4.162000 0.000298
4.163000 0.000298
4.164000 0.000298
4.165000 0.000298
4.166000 0.000298
4.167000 0.000298
4.168000 0.000298
4.169000 0.000298
4.170000 0.000298
4.171000 0.000298
4.172000 0.000298
4.173000 0.000298
4.174000 0.000298
4.175000 0.000298
4.176000 0.000298
4.177000 0.000298
4.178000 0.000298
4.179000 0.000298
4.180000 0.000298
4.181000 0.000298
4.182000 0.000298
4.183000 0.000298
4.184000 0.000298
4.185000 0.000298
4.186000 0.000298
4.187000 0.000298
4.188000 0.000297
4.189000 0.000297
4.190000 0.000297
4.191000 0.000297
4.192000 0.000297
4.193000 0.000297
4.194000 0.000297
4.195000 0.000297
4.196000 0.000297
4.197000 0.000297
4.198000 0.000297
4.199000 0.000297
4.200000 0.000297
4.201000 0.000297
4.202000 0.000297
4.203000 0.000297
4.204000 0.000297
4.205000 0.000297
4.206000 0.000297
4.207000 0.000297
4.208000 0.000297
4.209000 0.000297
4.210000 0.000297
4.211000 0.000297
4.212000 0.000297
4.213000 0.000297
4.214000 0.000297
4.215000 0.000296
4.216000 0.000296
4.217000 0.000296
4.218000 0.000296
4.219000 0.000296
4.220000 0.000296
4.221000 0.000296
4.222000 0.000296
4.223000 0.000296
4.224000 0.000296
4.225000 0.000296
4.226000 0.000296
4.227000 0.000296
4.228000 0.000296
4.229000 0.000296
4.230000 0.000296
4.231000 0.000296
4.232000 0.000296
4.233000 0.000296
4.234000 0.000296
4.235000 0.000296
4.236000 0.000296
4.237000 0.000296
4.238000 0.000296
4.239000 0.000296
4.240000 0.000296
4.241000 0.000296
4.242000 0.000295
4.243000 0.000295
4.244000 0.000295
4.245000 0.000295
4.246000 0.000295
4.247000 0.000295
4.248000 0.000295
4.249000 0.000295
4.250000 0.000295
4.251000 0.000295
4.252000 0.000295
4.253000 0.000295
4.254000 0.000295
4.255000 0.000295
4.256000 0.000295
4.257000 0.000295
4.258000 0.000295
4.259000 0.000295
4.260000 0.000295
4.261000 0.000295
4.262000 0.000295
4.263000 0.000295
4.264000 0.000295
4.265000 0.000295
4.266000 0.000295
4.267000 0.000295
4.268000 0.000295
4.269000 0.000294
4.270000 0.000294
4.271000 0.000294
4.272000 0.000294
4.273000 0.000294
4.274000 0.000294
4.275000 0.000294
4.276000 0.000294
4.277000 0.000294
4.278000 0.000294
4.279000 0.000294
4.280000 0.000294
4.281000 0.000294
4.282000 0.000294
4.283000 0.000294
4.284000 0.000294
4.285000 0.000294
4.286000 0.000294
4.287000 0.000294
4.288000 0.000294
4.289000 0.000294
4.290000 0.000294
4.291000 0.000294
4.292000 0.000294
4.293000 0.000294
4.294000 0.000294
4.295000 0.000294
4.296000 0.000294
4.297000 0.000293
4.298000 0.000293
4.299000 0.000293
4.300000 0.000293
4.301000 0.000293
4.302000 0.000293
4.303000 0.000293
4.304000 0.000293
4.305000 0.000293
4.306000 0.000293
4.307000 0.000293
4.308000 0.000293
4.309000 0.000293
4.310000 0.000293
4.311000 0.000293
4.312000 0.000293
4.313000 0.000293
4.314000 0.000293
4.315000 0.000293
4.316000 0.000293
4.317000 0.000293
4.318000 0.000293
4.319000 0.000293
4.320000 0.000293
4.321000 0.000293
4.322000 0.000293
4.323000 0.000293
4.324000 0.000292
4.325000 0.000292
4.326000 0.000292
4.327000 0.000292
4.328000 0.000292
4.329000 0.000292
4.330000 0.000292
4.331000 0.000292
4.332000 0.000292
4.333000 0.000292
4.334000 0.000292
4.335000 0.000292
4.336000 0.000292
4.337000 0.000292
4.338000 0.000292
4.339000 0.000292
4.340000 0.000292
4.341000 0.000292
4.342000 0.000292
4.343000 0.000292
4.344000 0.000292
4.345000 0.000292
4.346000 0.000292
4.347000 0.000292
4.348000 0.000292
4.349000 0.000292
4.350000 0.000292
4.351000 0.000292
4.352000 0.000291
4.353000 0.000291
4.354000 0.000291
4.355000 0.000291
4.356000 0.000291
4.357000 0.000291
4.358000 0.000291
4.359000 0.000291
4.360000 0.000291
4.361000 0.000291
4.362000 0.000291
4.363000 0.000291
4.364000 0.000291
4.365000 0.000291
4.366000 0.000291
4.367000 0.000291
4.368000 0.000291
4.369000 0.000291
4.370000 0.000291
4.371000 0.000291
4.372000 0.000291
4.373000 0.000291
4.374000 0.000291
4.375000 0.000291
4.376000 0.000291
4.377000 0.000291
4.378000 0.000291
4.379000 0.000291
4.380000 0.000290
4.381000 0.000290
4.382000 0.000290
4.383000 0.000290
4.384000 0.000290
4.385000 0.000290
4.386000 0.000290
4.387000 0.000290
4.388000 0.000290
4.389000 0.000290
4.390000 0.000290
4.391000 0.000290
4.392000 0.000290
4.393000 0.000290
4.394000 0.000290
4.395000 0.000290
4.396000 0.000290
4.397000 0.000290
4.398000 0.000290
4.399000 0.000290
4.400000 0.000290
4.401000 0.000290
4.402000 0.000290
4.403000 0.000290
4.404000 0.000290
4.405000 0.000290
4.406000 0.000290
4.407000 0.000290
4.408000 0.000289
4.409000 0.000289
4.410000 0.000289
4.411000 0.000289
4.412000 0.000289
4.413000 0.000289
4.414000 0.000289
4.415000 0.000289
4.416000 0.000289
4.417000 0.000289
4.418000 0.000289
4.419000 0.000289
4.420000 0.000289
4.421000 0.000289
4.422000 0.000289
4.423000 0.000289
4.424000 0.000289
4.425000 0.000289
4.426000 0.000289
4.427000 0.000289
4.428000 0.000289
4.429000 0.000289
4.430000 0.000289
4.431000 0.000289
4.432000 0.000289
4.433000 0.000289
4.434000 0.000289
4.435000 0.000289
4.436000 0.000289
4.437000 0.000288
4.438000 0.000288
4.439000 0.000288
4.440000 0.000288
4.441000 0.000288
4.442000 0.000288
4.443000 0.000288
4.444000 0.000288
4.445000 0.000288
4.446000 0.000288
4.447000 0.000288
4.448000 0.000288
4.449000 0.000288
4.450000 0.000288
4.451000 0.000288
4.452000 0.000288
4.453000 0.000288
4.454000 0.000288
4.455000 0.000288
4.456000 0.000288
4.457000 0.000288
4.458000 0.000288
4.459000 0.000288
4.460000 0.000288
4.461000 0.000288
4.462000 0.000288
4.463000 0.000288
4.464000 0.000288
4.465000 0.000287
4.466000 0.000287
4.467000 0.000287
4.468000 0.000287
4.469000 0.000287
4.470000 0.000287
4.471000 0.000287
4.472000 0.000287
4.473000 0.000287
4.474000 0.000287
4.475000 0.000287
4.476000 0.000287
4.477000 0.000287
4.478000 0.000287
4.479000 0.000287
4.480000 0.000287
4.481000 0.000287
4.482000 0.000287
4.483000 0.000287
4.484000 0.000287
4.485000 0.000287
4.486000 0.000287
4.487000 0.000287
4.488000 0.000287
4.489000 0.000287
4.490000 0.000287
4.491000 0.000287
4.492000 0.000287
4.493000 0.000287
4.494000 0.000286
4.495000 0.000286
4.496000 0.000286
4.497000 0.000286
4.498000 0.000286
4.499000 0.000286
4.500000 0.000286
4.501000 0.000286
4.502000 0.000286
4.503000 0.000286
4.504000 0.000286
4.505000 0.000286
4.506000 0.000286
4.507000 0.000286
4.508000 0.000286
4.509000 0.000286
4.510000 0.000286
4.511000 0.000286
4.512000 0.000286
4.513000 0.000286
4.514000 0.000286
4.515000 0.000286
4.516000 0.000286
4.517000 0.000286
4.518000 0.000286
4.519000 0.000286
4.520000 0.000286
4.521000 0.000286
4.522000 0.000286
4.523000 0.000285
4.524000 0.000285
4.525000 0.000285
4.526000 0.000285
4.527000 0.000285
4.528000 0.000285
4.529000 0.000285
4.530000 0.000285
4.531000 0.000285
4.532000 0.000285
4.533000 0.000285
4.534000 0.000285
4.535000 0.000285
4.536000 0.000285
4.537000 0.000285
4.538000 0.000285
4.539000 0.000285
4.540000 0.000285
4.541000 0.000285
4.542000 0.000285
4.543000 0.000285
4.544000 0.000285
4.545000 0.000285
4.546000 0.000285
4.547000 0.000285
4.548000 0.000285
4.549000 0.000285
4.550000 0.000285
4.551000 0.000285
4.552000 0.000285
4.553000 0.000284
4.554000 0.000284
4.555000 0.000284
4.556000 0.000284
4.557000 0.000284
4.558000 0.000284
4.559000 0.000284
4.560000 0.000284
4.561000 0.000284
4.562000 0.000284
4.563000 0.000284
4.564000 0.000284
4.565000 0.000284
4.566000 0.000284
4.567000 0.000284
4.568000 0.000284
4.569000 0.000284
4.570000 0.000284
4.571000 0.000284
4.572000 0.000284
4.573000 0.000284
4.574000 0.000284
4.575000 0.000284
4.576000 0.000284
4.577000 0.000284
4.578000 0.000284
4.579000 0.000284
4.580000 0.000284
4.581000 0.000284
4.582000 0.000283
4.583000 0.000283
4.584000 0.000283
4.585000 0.000283
4.586000 0.000283
4.587000 0.000283
4.588000 0.000283
4.589000 0.000283
4.590000 0.000283
4.591000 0.000283
4.592000 0.000283
4.593000 0.000283
4.594000 0.000283
4.595000 0.000283
4.596000 0.000283
4.597000 0.000283
4.598000 0.000283
4.599000 0.000283
4.600000 0.000283
4.601000 0.000283
4.602000 0.000283
4.603000 0.000283
4.604000 0.000283
4.605000 0.000283
4.606000 0.000283
4.607000 0.000283
4.608000 0.000283
4.609000 0.000283
4.610000 0.000283
4.611000 0.000283
4.612000 0.000282
4.613000 0.000282
4.614000 0.000282
4.615000 0.000282
4.616000 0.000282
4.617000 0.000282
4.618000 0.000282
4.619000 0.000282
4.620000 0.000282
4.621000 0.000282
4.622000 0.000282
4.623000 0.000282
4.624000 0.000282
4.625000 0.000282
4.626000 0.000282
4.627000 0.000282
4.628000 0.000282
4.629000 0.000282
4.630000 0.000282
4.631000 0.000282
4.632000 0.000282
4.633000 0.000282
4.634000 0.000282
4.635000 0.000282
4.636000 0.000282
4.637000 0.000282
4.638000 0.000282
4.639000 0.000282
4.640000 0.000282
4.641000 0.000281
4.642000 0.000281
4.643000 0.000281
4.644000 0.000281
4.645000 0.000281
4.646000 0.000281
4.647000 0.000281
4.648000 0.000281
4.649000 0.000281
4.650000 0.000281
4.651000 0.000281
4.652000 0.000281
4.653000 0.000281
4.654000 0.000281
4.655000 0.000281
4.656000 0.000281
4.657000 0.000281
4.658000 0.000281
4.659000 0.000281
4.660000 0.000281
4.661000 0.000281
4.662000 0.000281
4.663000 0.000281
4.664000 0.000281
4.665000 0.000281
4.666000 0.000281
4.667000 0.000281
4.668000 0.000281
4.669000 0.000281
4.670000 0.000281
4.671000 0.000281
4.672000 0.000280
4.673000 0.000280
4.674000 0.000280
4.675000 0.000280
4.676000 0.000280
4.677000 0.000280
4.678000 0.000280
4.679000 0.000280
4.680000 0.000280
4.681000 0.000280
4.682000 0.000280
4.683000 0.000280
4.684000 0.000280
4.685000 0.000280
4.686000 0.000280
4.687000 0.000280
4.688000 0.000280
4.689000 0.000280
4.690000 0.000280
4.691000 0.000280
4.692000 0.000280
4.693000 0.000280
4.694000 0.000280
4.695000 0.000280
4.696000 0.000280
4.697000 0.000280
4.698000 0.000280
4.699000 0.000280
4.700000 0.000280
4.701000 0.000280
4.702000 0.000279
4.703000 0.000279
4.704000 0.000279
4.705000 0.000279
4.706000 0.000279
4.707000 0.000279
4.708000 0.000279
4.709000 0.000279
4.710000 0.000279
4.711000 0.000279
4.712000 0.000279
4.713000 0.000279
4.714000 0.000279
4.715000 0.000279
4.716000 0.000279
4.717000 0.000279
4.718000 0.000279
4.719000 0.000279
4.720000 0.000279
4.721000 0.000279
4.722000 0.000279
4.723000 0.000279
4.724000 0.000279
4.725000 0.000279
4.726000 0.000279
4.727000 0.000279
4.728000 0.000279
4.729000 0.000279
4.730000 0.000279
4.731000 0.000279
4.732000 0.000278
4.733000 0.000278
4.734000 0.000278
4.735000 0.000278
4.736000 0.000278
4.737000 0.000278
4.738000 0.000278
4.739000 0.000278
4.740000 0.000278
4.741000 0.000278
4.742000 0.000278
4.743000 0.000278
4.744000 0.000278
4.745000 0.000278
4.746000 0.000278
4.747000 0.000278
4.748000 0.000278
4.749000 0.000278
4.750000 0.000278
4.751000 0.000278
4.752000 0.000278
4.753000 0.000278
4.754000 0.000278
4.755000 0.000278
4.756000 0.000278
4.757000 0.000278
4.758000 0.000278
4.759000 0.000278
4.760000 0.000278
4.761000 0.000278
4.762000 0.000278
4.763000 0.000277
4.764000 0.000277
4.765000 0.000277
4.766000 0.000277
4.767000 0.000277
4.768000 0.000277
4.769000 0.000277
4.770000 0.000277
4.771000 0.000277
4.772000 0.000277
4.773000 0.000277
4.774000 0.000277
4.775000 0.000277
4.776000 0.000277
4.777000 0.000277
4.778000 0.000277
4.779000 0.000277
4.780000 0.000277
4.781000 0.000277
4.782000 0.000277
4.783000 0.000277
4.784000 0.000277
4.785000 0.000277
4.786000 0.000277
4.787000 0.000277
4.788000 0.000277
4.789000 0.000277
4.790000 0.000277
4.791000 0.000277
4.792000 0.000277
4.793000 0.000277
4.794000 0.000276
4.795000 0.000276
4.796000 0.000276
4.797000 0.000276
4.798000 0.000276
4.799000 0.000276
4.800000 0.000276
4.801000 0.000276
4.802000 0.000276
4.803000 0.000276
4.804000 0.000276
4.805000 0.000276
4.806000 0.000276
4.807000 0.000276
4.808000 0.000276
4.809000 0.000276
4.810000 0.000276
4.811000 0.000276
4.812000 0.000276
4.813000 0.000276
4.814000 0.000276
4.815000 0.000276
4.816000 0.000276
4.817000 0.000276
4.818000 0.000276
4.819000 0.000276
4.820000 0.000276
4.821000 0.000276
4.822000 0.000276
4.823000 0.000276
4.824000 0.000276
4.825000 0.000275
4.826000 0.000275
4.827000 0.000275
4.828000 0.000275
4.829000 0.000275
4.830000 0.000275
4.831000 0.000275
4.832000 0.000275
4.833000 0.000275
4.834000 0.000275
4.835000 0.000275
4.836000 0.000275
4.837000 0.000275
4.838000 0.000275
4.839000 0.000275
4.840000 0.000275
4.841000 0.000275
4.842000 0.000275
4.843000 0.000275
4.844000 0.000275
4.845000 0.000275
4.846000 0.000275
4.847000 0.000275
4.848000 0.000275
4.849000 0.000275
4.850000 0.000275
4.851000 0.000275
4.852000 0.000275
4.853000 0.000275
4.854000 0.000275
4.855000 0.000275
4.856000 0.000275
4.857000 0.000274
4.858000 0.000274
4.859000 0.000274
4.860000 0.000274
4.861000 0.000274
4.862000 0.000274
4.863000 0.000274
4.864000 0.000274
4.865000 0.000274
4.866000 0.000274
4.867000 0.000274
4.868000 0.000274
4.869000 0.000274
4.870000 0.000274
4.871000 0.000274
4.872000 0.000274
4.873000 0.000274
4.874000 0.000274
4.875000 0.000274
4.876000 0.000274
4.877000 0.000274
4.878000 0.000274
4.879000 0.000274
4.880000 0.000274
4.881000 0.000274
4.882000 0.000274
4.883000 0.000274
4.884000 0.000274
4.885000 0.000274
4.886000 0.000274
4.887000 0.000274
4.888000 0.000273
4.889000 0.000273
4.890000 0.000273
4.891000 0.000273
4.892000 0.000273
4.893000 0.000273
4.894000 0.000273
4.895000 0.000273
4.896000 0.000273
4.897000 0.000273
4.898000 0.000273
4.899000 0.000273
4.900000 0.000273
4.901000 0.000273
4.902000 0.000273
4.903000 0.000273
4.904000 0.000273
4.905000 0.000273
4.906000 0.000273
4.907000 0.000273
4.908000 0.000273
4.909000 0.000273
4.910000 0.000273
4.911000 0.000273
4.912000 0.000273
4.913000 0.000273
4.914000 0.000273
4.915000 0.000273
4.916000 0.000273
4.917000 0.000273
4.918000 0.000273
4.919000 0.000273
4.920000 0.000272
4.921000 0.000272
4.922000 0.000272
4.923000 0.000272
4.924000 0.000272
4.925000 0.000272
4.926000 0.000272
4.927000 0.000272
4.928000 0.000272
4.929000 0.000272
4.930000 0.000272
4.931000 0.000272
4.932000 0.000272
4.933000 0.000272
4.934000 0.000272
4.935000 0.000272
4.936000 0.000272
4.937000 0.000272
4.938000 0.000272
4.939000 0.000272
4.940000 0.000272
4.941000 0.000272
4.942000 0.000272
4.943000 0.000272
4.944000 0.000272
4.945000 0.000272
4.946000 0.000272
4.947000 0.000272
4.948000 0.000272
4.949000 0.000272
4.950000 0.000272
4.951000 0.000272
4.952000 0.000272
4.953000 0.000271
4.954000 0.000271
4.955000 0.000271
4.956000 0.000271
4.957000 0.000271
4.958000 0.000271
4.959000 0.000271
4.960000 0.000271
4.961000 0.000271
4.962000 0.000271
4.963000 0.000271
4.964000 0.000271
4.965000 0.000271
4.966000 0.000271
4.967000 0.000271
4.968000 0.000271
4.969000 0.000271
4.970000 0.000271
4.971000 0.000271
4.972000 0.000271
4.973000 0.000271
4.974000 0.000271
4.975000 0.000271
4.976000 0.000271
4.977000 0.000271
4.978000 0.000271
4.979000 0.000271
4.980000 0.000271
4.981000 0.000271
4.982000 0.000271
4.983000 0.000271
4.984000 0.000271
4.985000 0.000270
4.986000 0.000270
4.987000 0.000270
4.988000 0.000270
4.989000 0.000270
4.990000 0.000270
4.991000 0.000270
4.992000 0.000270
4.993000 0.000270
4.994000 0.000270
4.995000 0.000270
4.996000 0.000270
4.997000 0.000270
4.998000 0.000270
4.999000 0.000270
