1 0.050873 1.0026e+19
1.01 0.05091 1.00175e+19
1.02 0.0510203 9.99073e+18
1.03 0.0512423 9.9741e+18
1.04 0.0513483 9.95813e+18
1.05 0.051147 9.9432e+18
1.06 0.051068 9.92872e+18
1.07 0.0513483 9.91952e+18
1.08 0.0512257 9.90598e+18
1.09 0.0512713 9.88682e+18
1.1 0.0511197 9.87456e+18
1.11 0.0515163 9.86277e+18
1.12 0.051334 9.85443e+18
1.13 0.051295 9.84103e+18
1.14 0.051145 9.83086e+18
1.15 0.0511743 9.82088e+18
1.16 0.0509907 9.81112e+18
1.17 0.0512567 9.80154e+18
1.18 0.0512483 9.79471e+18
1.19 0.0512147 9.78628e+18
1.2 0.0511137 9.77749e+18
1.21 0.0510347 9.76827e+18
1.22 0.0512427 9.76851e+18
1.23 0.051357 9.75922e+18
1.24 0.051147 9.74885e+18
1.25 0.051142 9.73809e+18
1.26 0.051003 9.72695e+18
1.27 0.050987 9.71064e+18
1.28 0.05137 9.69878e+18
1.29 0.0508393 9.68977e+18
1.3 0.05107 9.67676e+18
1.31 0.051153 9.66339e+18
1.32 0.0508513 9.64664e+18
1.33 0.0511 9.63231e+18
1.34 0.0508677 9.61772e+18
1.35 0.051044 9.60674e+18
1.36 0.050908 9.59154e+18
1.37 0.0510223 9.57621e+18
1.38 0.050781 9.56223e+18
1.39 0.0505663 9.54603e+18
1.4 0.0508693 9.53014e+18
1.41 0.050792 9.50558e+18
1.42 0.050805 9.49009e+18
1.43 0.050508 9.47468e+18
1.44 0.0508427 9.46025e+18
1.45 0.050739 9.44617e+18
1.46 0.0509207 9.43239e+18
1.47 0.0506703 9.41893e+18
1.48 0.0509043 9.40699e+18
1.49 0.050626 9.39062e+18
1.5 0.050695 9.37816e+18
1.51 0.0505663 9.36598e+18
1.52 0.0505537 9.35409e+18
1.53 0.0505757 9.34247e+18
1.54 0.0503863 9.33112e+18
1.55 0.0503117 9.31628e+18
1.56 0.0503627 9.30548e+18
1.57 0.0502483 9.29494e+18
1.58 0.05041 9.28463e+18
1.59 0.050458 9.27455e+18
1.6 0.050087 9.26474e+18
1.61 0.0502383 9.26418e+18
1.62 0.050369 9.2589e+18
1.63 0.0502603 9.2498e+18
1.64 0.0503013 9.24092e+18
1.65 0.0503307 9.23229e+18
1.66 0.0500723 9.22381e+18
1.67 0.0501207 9.21559e+18
1.68 0.050131 9.20639e+18
1.69 0.050068 9.19882e+18
1.7 0.0501133 9.19063e+18
1.71 0.0502137 9.18323e+18
1.72 0.0499053 9.17601e+18
1.73 0.049903 9.169e+18
1.74 0.049794 9.16215e+18
1.75 0.05009 9.15544e+18
1.76 0.049742 9.14916e+18
1.77 0.0497573 9.15107e+18
1.78 0.049771 9.14485e+18
1.79 0.0498167 9.13879e+18
1.8 0.0498947 9.13291e+18
1.81 0.0497547 9.1272e+18
1.82 0.049631 9.11787e+18
1.83 0.049665 9.11265e+18
1.84 0.0498057 9.10753e+18
1.85 0.0494707 9.10254e+18
1.86 0.049546 9.08704e+18
1.87 0.0493883 9.08207e+18
1.88 0.0494033 9.07723e+18
1.89 0.0494303 9.07253e+18
1.9 0.0493497 9.06874e+18
1.91 0.049724 9.06447e+18
1.92 0.0491543 9.06026e+18
1.93 0.04931 9.05613e+18
1.94 0.0494343 9.04519e+18
1.95 0.04912 9.0411e+18
1.96 0.04935 9.03713e+18
1.97 0.049053 9.02524e+18
1.98 0.048995 9.02168e+18
1.99 0.0489267 9.01822e+18
2 0.048973 9.01483e+18
2.01 0.0489413 9.01153e+18
2.02 0.049347 9.00832e+18
2.03 0.0490323 9.00319e+18
2.04 0.0491063 9.00006e+18
2.05 0.0489957 8.99702e+18
2.06 0.0487923 9.00475e+18
2.07 0.0490807 9.00214e+18
2.08 0.0487713 8.99961e+18
2.09 0.0488057 8.99716e+18
2.1 0.0486737 8.99477e+18
2.11 0.0489697 8.99244e+18
2.12 0.048847 9.00911e+18
2.13 0.048861 9.00642e+18
2.14 0.0485873 9.01087e+18
2.15 0.0486507 9.00877e+18
2.16 0.0484953 9.00685e+18
2.17 0.0486127 9.00507e+18
2.18 0.0486277 9.00351e+18
2.19 0.0485783 9.00209e+18
2.2 0.0485813 9.00089e+18
2.21 0.04851 8.99985e+18
2.22 0.0483897 8.99506e+18
2.23 0.0485033 8.99585e+18
2.24 0.0482793 8.995e+18
2.25 0.0483013 8.99442e+18
2.26 0.0483077 8.99411e+18
2.27 0.0481427 8.99405e+18
2.28 0.0480267 8.99428e+18
2.29 0.047974 8.99476e+18
2.3 0.0481213 8.99553e+18
2.31 0.0478893 8.99655e+18
2.32 0.048088 8.9728e+18
2.33 0.047716 8.97486e+18
2.34 0.047949 8.97708e+18
2.35 0.0477317 8.97942e+18
2.36 0.047896 8.98187e+18
2.37 0.0479947 8.98449e+18
2.38 0.047614 8.98722e+18
2.39 0.047591 8.99009e+18
2.4 0.0476077 8.99307e+18
2.41 0.0476493 8.99619e+18
2.42 0.04759 9.00338e+18
2.43 0.0475943 8.99092e+18
2.44 0.0473557 8.99474e+18
2.45 0.0477297 8.99858e+18
2.46 0.047094 9.0024e+18
2.47 0.0472063 9.00627e+18
2.48 0.0474107 9.01013e+18
2.49 0.0474927 9.01402e+18
2.5 0.04712 9.01792e+18
2.51 0.0473147 9.02183e+18
2.52 0.0469697 9.03191e+18
2.53 0.046766 9.03588e+18
2.54 0.047219 9.04571e+18
2.55 0.0468333 9.04965e+18
2.56 0.0469417 9.05364e+18
2.57 0.046883 9.0576e+18
2.58 0.0469413 9.0616e+18
2.59 0.0468823 9.06564e+18
2.6 0.046713 9.06966e+18
2.61 0.0467143 9.0737e+18
2.62 0.0464893 9.07775e+18
2.63 0.046729 9.09819e+18
2.64 0.0465913 9.10237e+18
2.65 0.0463003 9.11349e+18
2.66 0.0465253 9.11767e+18
2.67 0.0461963 9.12185e+18
2.68 0.046093 9.12607e+18
2.69 0.046402 9.13028e+18
2.7 0.0463097 9.1345e+18
2.71 0.0459887 9.13875e+18
2.72 0.0458187 9.143e+18
2.73 0.0458293 9.14725e+18
2.74 0.045935 9.14564e+18
2.75 0.0458677 9.14994e+18
2.76 0.0458247 9.15425e+18
2.77 0.045734 9.17289e+18
2.78 0.0456887 9.1772e+18
2.79 0.0455257 9.18152e+18
2.8 0.0457643 9.18584e+18
2.81 0.045759 9.19019e+18
2.82 0.0450973 9.19453e+18
2.83 0.045392 9.19889e+18
2.84 0.0451033 9.20327e+18
2.85 0.0452117 9.20072e+18
2.86 0.0450883 9.20513e+18
2.87 0.0452893 9.20958e+18
2.88 0.0451253 9.21401e+18
2.89 0.0450473 9.21843e+18
2.9 0.0450027 9.22228e+18
2.91 0.0450677 9.22675e+18
2.92 0.044814 9.23122e+18
2.93 0.0446043 9.23574e+18
2.94 0.0448097 9.24024e+18
2.95 0.0447883 9.24475e+18
2.96 0.0444693 9.24927e+18
2.97 0.044674 9.23949e+18
2.98 0.0444123 9.24403e+18
2.99 0.0442907 9.24857e+18
3 0.0443387 9.25314e+18
3.01 0.0439613 9.25772e+18
3.02 0.0440297 9.26227e+18
3.03 0.0438187 9.25791e+18
3.04 0.0441157 9.26242e+18
3.05 0.043948 9.26694e+18
3.06 0.0439583 9.27148e+18
3.07 0.0438493 9.276e+18
3.08 0.043549 9.28054e+18
3.09 0.0434297 9.28511e+18
3.1 0.0433883 9.29026e+18
3.11 0.0433447 9.2948e+18
3.12 0.043299 9.29936e+18
3.13 0.0430597 9.3039e+18
3.14 0.043176 9.30845e+18
3.15 0.04292 9.31303e+18
3.16 0.0429407 9.31479e+18
3.17 0.0430523 9.31933e+18
3.18 0.042785 9.32388e+18
3.19 0.0427967 9.32844e+18
3.2 0.0423997 9.333e+18
3.21 0.042607 9.33759e+18
3.22 0.0424547 9.34218e+18
3.23 0.0422703 9.35569e+18
3.24 0.04231 9.36037e+18
3.25 0.0423577 9.36504e+18
3.26 0.0421093 9.36972e+18
3.27 0.0420693 9.37442e+18
3.28 0.0416583 9.37909e+18
3.29 0.0416337 9.38381e+18
3.3 0.0419423 9.38849e+18
3.31 0.0417337 9.38741e+18
3.32 0.0416997 9.39204e+18
3.33 0.041472 9.39669e+18
3.34 0.0414383 9.40132e+18
3.35 0.0412747 9.40598e+18
3.36 0.0409 9.41344e+18
3.37 0.0410837 9.41813e+18
3.38 0.0410793 9.42285e+18
3.39 0.0408493 9.42753e+18
3.4 0.040766 9.43225e+18
3.41 0.0405467 9.43691e+18
3.42 0.0405737 9.44163e+18
3.43 0.0405043 9.44638e+18
3.44 0.0405567 9.45107e+18
3.45 0.03999 9.46553e+18
3.46 0.040139 9.47025e+18
3.47 0.039952 9.47496e+18
3.48 0.0398507 9.47974e+18
3.49 0.039907 9.48451e+18
3.5 0.0397703 9.48926e+18
3.51 0.0394387 9.49979e+18
3.52 0.0394497 9.50464e+18
3.53 0.03939 9.50948e+18
3.54 0.0392203 9.51436e+18
3.55 0.0389527 9.51922e+18
3.56 0.0389973 9.5241e+18
3.57 0.038973 9.52897e+18
3.58 0.0387523 9.53381e+18
3.59 0.038703 9.53871e+18
3.6 0.038478 9.54355e+18
3.61 0.038402 9.5539e+18
3.62 0.038137 9.55859e+18
3.63 0.0380707 9.56332e+18
3.64 0.0381457 9.56811e+18
3.65 0.0377497 9.5632e+18
3.66 0.0378727 9.56804e+18
3.67 0.0375357 9.57292e+18
3.68 0.03751 9.57782e+18
3.69 0.037635 9.58272e+18
3.7 0.0373507 9.58771e+18
3.71 0.036945 9.59273e+18
3.72 0.0370947 9.59777e+18
3.73 0.0372167 9.60283e+18
3.74 0.036722 9.60794e+18
3.75 0.0366393 9.61306e+18
3.76 0.036367 9.6182e+18
3.77 0.03657 9.61313e+18
3.78 0.0362693 9.61788e+18
3.79 0.0361083 9.62273e+18
3.8 0.0361233 9.6277e+18
3.81 0.0358317 9.62727e+18
3.82 0.035778 9.63258e+18
3.83 0.03581 9.6379e+18
3.84 0.0356873 9.64334e+18
3.85 0.0354667 9.64883e+18
3.86 0.0353727 9.65437e+18
3.87 0.0352613 9.65995e+18
3.88 0.035231 9.66562e+18
3.89 0.035021 9.67133e+18
3.9 0.034679 9.67711e+18
3.91 0.0346327 9.68294e+18
3.92 0.034536 9.6888e+18
3.93 0.0343513 9.69478e+18
3.94 0.034156 9.69314e+18
3.95 0.034098 9.69924e+18
3.96 0.0338253 9.70536e+18
3.97 0.033585 9.72187e+18
3.98 0.0335983 9.72858e+18
3.99 0.0335957 9.73531e+18
4 0.0333183 9.74202e+18
4.01 0.033289 9.74871e+18
4.02 0.0331043 9.75544e+18
4.03 0.032981 9.76213e+18
4.04 0.0327343 9.76884e+18
4.05 0.0326273 9.77551e+18
4.06 0.0325267 9.78224e+18
4.07 0.0324333 9.7889e+18
4.08 0.032355 9.79559e+18
4.09 0.0322373 9.8023e+18
4.1 0.031914 9.80894e+18
4.11 0.0317997 9.81561e+18
4.12 0.031872 9.82345e+18
4.13 0.0314473 9.8302e+18
4.14 0.0314757 9.84448e+18
4.15 0.0311537 9.85111e+18
4.16 0.031001 9.85777e+18
4.17 0.0308753 9.86441e+18
4.18 0.030951 9.87107e+18
4.19 0.0306927 9.8777e+18
4.2 0.0306277 9.88434e+18
4.21 0.030312 9.89098e+18
4.22 0.0302313 9.89753e+18
4.23 0.0303043 9.90415e+18
4.24 0.029905 9.9108e+18
4.25 0.0297093 9.91737e+18
4.26 0.0297967 9.92399e+18
4.27 0.02958 9.93056e+18
4.28 0.029362 9.93716e+18
4.29 0.0290807 9.94373e+18
4.3 0.0292327 9.97424e+18
4.31 0.028957 9.9809e+18
4.32 0.028798 9.98639e+18
4.33 0.0286157 9.99297e+18
4.34 0.0285123 9.99958e+18
4.35001 0.0283327 1.00062e+19
4.36001 0.0281987 1.00128e+19
4.37001 0.027921 1.00193e+19
4.38001 0.027942 1.0026e+19
4.39001 0.0277257 1.00325e+19
4.40001 0.027401 1.00391e+19
4.41001 0.027783 1.00456e+19
4.42001 0.027274 1.00522e+19
4.43001 0.0271883 1.00588e+19
4.44001 0.0270873 1.00653e+19
4.45001 0.0269593 1.00719e+19
4.46001 0.02668 1.00784e+19
4.47001 0.0266147 1.00849e+19
4.48001 0.0264763 1.00915e+19
4.49001 0.02635 1.0087e+19
4.50001 0.026225 1.00695e+19
4.51001 0.0260857 1.00759e+19
4.52001 0.0259 1.00823e+19
4.53001 0.025736 1.00887e+19
4.54001 0.0257367 1.00951e+19
4.55001 0.025402 1.01015e+19
4.56001 0.0253697 1.01078e+19
4.57001 0.025106 1.01142e+19
4.58001 0.0249357 1.01205e+19
4.59001 0.0248233 1.01269e+19
4.60001 0.0249307 1.01333e+19
4.61001 0.0246903 1.01396e+19
4.62001 0.0245667 1.0146e+19
4.63001 0.02438 1.01523e+19
4.64001 0.0243903 1.01586e+19
4.65001 0.0241957 1.0165e+19
4.66001 0.0239217 1.01713e+19
4.67001 0.0238037 1.01777e+19
4.68001 0.0236247 1.0184e+19
4.69001 0.0235007 1.02162e+19
4.70001 0.023318 1.02226e+19
4.71001 0.0232667 1.0229e+19
4.72001 0.0232323 1.02354e+19
4.73001 0.0229633 1.02418e+19
4.74001 0.0228627 1.02481e+19
4.75001 0.0227873 1.02545e+19
4.76001 0.0225987 1.02609e+19
4.77001 0.0226127 1.02673e+19
4.78001 0.0224447 1.02737e+19
4.79002 0.022239 1.028e+19
4.80002 0.0221173 1.02864e+19
4.81002 0.0220057 1.02928e+19
4.82002 0.0218857 1.02991e+19
4.83002 0.0218063 1.03054e+19
4.84002 0.021745 1.03118e+19
4.85002 0.021449 1.03181e+19
4.86002 0.021425 1.03245e+19
4.87002 0.0212 1.03308e+19
4.88002 0.0211663 1.03372e+19
4.89002 0.021027 1.03285e+19
4.90002 0.0207083 1.02835e+19
4.91002 0.0205477 1.02897e+19
4.92002 0.0206037 1.02959e+19
4.93002 0.020397 1.03022e+19
4.94002 0.0202017 1.03084e+19
4.95002 0.0201637 1.03146e+19
4.96002 0.0200347 1.03208e+19
4.97002 0.0199977 1.0327e+19
4.98002 0.0198023 1.03332e+19
4.99002 0.0197113 1.03394e+19
5.00002 0.019595 1.03456e+19
5.01002 0.0193323 1.03518e+19
5.02002 0.0194127 1.0358e+19
5.03002 0.0193367 1.03642e+19
5.04002 0.0191587 1.03703e+19
5.05002 0.0191447 1.03765e+19
5.06002 0.0186957 1.03827e+19
5.07002 0.018865 1.03889e+19
5.08002 0.018673 1.0395e+19
5.09002 0.0186013 1.04012e+19
5.10002 0.0185063 1.04587e+19
5.11002 0.0182243 1.04648e+19
5.12002 0.0181837 1.05327e+19
5.13002 0.0182633 1.0539e+19
5.14002 0.0180543 1.05453e+19
5.15002 0.017973 1.05515e+19
5.16002 0.0177873 1.05578e+19
5.17002 0.0176007 1.0564e+19
5.18002 0.0175647 1.05703e+19
5.19002 0.0175273 1.05765e+19
5.20002 0.0174003 1.05828e+19
5.21002 0.017174 1.05891e+19
5.22003 0.0171283 1.05953e+19
5.23003 0.0170657 1.06016e+19
5.24003 0.0170283 1.06077e+19
5.25003 0.0168293 1.0614e+19
5.26003 0.016658 1.06202e+19
5.27003 0.016689 1.06265e+19
5.28003 0.0166507 1.06327e+19
5.29003 0.0164333 1.06389e+19
5.30003 0.0163507 1.06451e+19
5.31003 0.016202 1.06513e+19
5.32003 0.0159893 1.05958e+19
5.33003 0.0160513 1.06019e+19
5.34003 0.016059 1.06081e+19
5.35003 0.015773 1.05904e+19
5.36003 0.0157733 1.05965e+19
5.37003 0.0156047 1.06026e+19
5.38003 0.0155093 1.06087e+19
5.39003 0.0154493 1.06148e+19
5.40003 0.015409 1.06209e+19
5.41003 0.015169 1.0627e+19
5.42003 0.0152033 1.06332e+19
5.43003 0.0151267 1.06393e+19
5.44003 0.0150627 1.06453e+19
5.45003 0.0148907 1.06514e+19
5.46003 0.0147277 1.06575e+19
5.47003 0.014747 1.06637e+19
5.48003 0.0146047 1.06697e+19
5.49003 0.0146917 1.06758e+19
5.50003 0.014449 1.06819e+19
5.51003 0.014292 1.0688e+19
5.52003 0.0144243 1.06941e+19
5.53003 0.014181 1.07001e+19
5.54003 0.0141067 1.07062e+19
5.55003 0.0140537 1.07361e+19
5.56003 0.0139013 1.07422e+19
5.57003 0.0138637 1.07482e+19
5.58003 0.0137057 1.07543e+19
5.59003 0.013617 1.07542e+19
5.60003 0.0137257 1.07603e+19
5.61003 0.0135267 1.07664e+19
5.62003 0.013475 1.07725e+19
5.63003 0.0133263 1.07786e+19
5.64003 0.013324 1.07847e+19
5.65003 0.0131673 1.07908e+19
5.66004 0.0130933 1.07969e+19
5.67004 0.0131467 1.0803e+19
5.68004 0.0129747 1.08091e+19
5.69004 0.0128213 1.08152e+19
5.70004 0.0128947 1.08212e+19
5.71004 0.012725 1.08273e+19
5.72004 0.012791 1.08334e+19
5.73004 0.0126043 1.08394e+19
5.74004 0.012497 1.08455e+19
5.75004 0.0124453 1.08516e+19
5.76004 0.012363 1.08576e+19
5.77004 0.0123147 1.08637e+19
5.78004 0.0122387 1.08698e+19
5.79004 0.012075 1.0882e+19
5.80004 0.0121377 1.0888e+19
5.81004 0.0120223 1.0894e+19
5.82004 0.0118607 1.09001e+19
5.83004 0.011911 1.08877e+19
5.84004 0.0118187 1.08937e+19
5.85004 0.0117767 1.08997e+19
5.86004 0.011781 1.09057e+19
5.87004 0.0115347 1.09117e+19
5.88004 0.0116493 1.09177e+19
5.89004 0.0115143 1.09237e+19
5.90004 0.0114757 1.09297e+19
5.91004 0.011371 1.09357e+19
5.92004 0.0112687 1.09417e+19
5.93004 0.0112307 1.09477e+19
5.94004 0.0110967 1.09537e+19
5.95004 0.0111393 1.09597e+19
5.96004 0.010999 1.09657e+19
5.97004 0.0109257 1.09716e+19
5.98004 0.0109567 1.09777e+19
5.99004 0.010878 1.09836e+19
6.00004 0.0108187 1.09895e+19
6.01004 0.0106547 1.09955e+19
6.02004 0.0105457 1.10015e+19
6.03004 0.0105553 1.1026e+19
6.04004 0.0105413 1.1032e+19
6.05004 0.0105033 1.10379e+19
6.06004 0.0104323 1.10439e+19
6.07004 0.010301 1.10499e+19
6.08004 0.0103493 1.10559e+19
6.09004 0.0103157 1.11071e+19
6.10005 0.010171 1.11131e+19
6.11005 0.0100907 1.11191e+19
6.12005 0.010189 1.11252e+19
6.13005 0.0100443 1.11312e+19
6.14005 0.00999467 1.11373e+19
6.15005 0.009845 1.11434e+19
6.16005 0.00991367 1.11494e+19
6.17005 0.00982467 1.11555e+19
6.18005 0.00971 1.11615e+19
6.19005 0.00969633 1.11676e+19
6.20005 0.00961 1.11736e+19
6.21005 0.00963167 1.11796e+19
6.22005 0.00951233 1.11857e+19
6.23005 0.009512 1.11918e+19
6.24005 0.00943133 1.11978e+19
6.25005 0.00940733 1.12038e+19
6.26005 0.00926367 1.12099e+19
6.27005 0.00925133 1.12159e+19
6.28005 0.00924633 1.12219e+19
6.29005 0.00917267 1.11828e+19
6.30005 0.00919 1.11888e+19
6.31005 0.00897333 1.11948e+19
6.32005 0.00904067 1.12007e+19
6.33005 0.00895867 1.12067e+19
6.34005 0.00890633 1.12126e+19
6.35005 0.008884 1.12185e+19
6.36005 0.00880467 1.12057e+19
6.37005 0.00871067 1.12117e+19
6.38005 0.00881333 1.12176e+19
6.39005 0.008662 1.12235e+19
6.40005 0.00857567 1.12294e+19
6.41005 0.00858433 1.12353e+19
6.42005 0.008604 1.12412e+19
6.43005 0.008435 1.12472e+19
6.44005 0.008466 1.12531e+19
6.45005 0.00837433 1.1259e+19
6.46005 0.008326 1.12649e+19
6.47005 0.00836533 1.12708e+19
6.48005 0.00826767 1.12767e+19
6.49005 0.00824133 1.12826e+19
6.50005 0.008175 1.12885e+19
6.51005 0.008105 1.12945e+19
6.52005 0.00806533 1.13004e+19
6.53006 0.008088 1.13063e+19
6.54006 0.00804333 1.13122e+19
6.55006 0.00790067 1.13181e+19
6.56006 0.00787667 1.13428e+19
6.57006 0.00795133 1.13488e+19
6.58006 0.00781133 1.13547e+19
6.59006 0.00778367 1.13606e+19
6.60006 0.00779267 1.13666e+19
6.61006 0.007726 1.13724e+19
6.62006 0.00769233 1.13784e+19
6.63006 0.00766233 1.13843e+19
6.64006 0.007603 1.13903e+19
6.65006 0.00754467 1.13684e+19
6.66006 0.007576 1.13742e+19
6.67006 0.00745767 1.13802e+19
6.68006 0.007444 1.13861e+19
6.69006 0.007445 1.13921e+19
6.70006 0.00739167 1.13981e+19
6.71006 0.007337 1.1404e+19
6.72006 0.00735567 1.14099e+19
6.73006 0.00724567 1.14159e+19
6.74006 0.00718567 1.14217e+19
6.75006 0.00720033 1.14277e+19
6.76006 0.00719967 1.14336e+19
6.77006 0.00713833 1.14395e+19
6.78006 0.00700133 1.14455e+19
6.79006 0.007066 1.14513e+19
6.80006 0.00700033 1.14573e+19
6.81006 0.006951 1.14632e+19
6.82006 0.006937 1.14691e+19
6.83006 0.006945 1.1475e+19
6.84006 0.00692433 1.1481e+19
6.85006 0.00683167 1.15147e+19
6.86006 0.006852 1.15206e+19
6.87006 0.00682733 1.15266e+19
6.88006 0.00680167 1.15325e+19
6.89006 0.00678033 1.15384e+19
6.90006 0.00672467 1.15443e+19
6.91006 0.00662333 1.15502e+19
6.92006 0.006626 1.15561e+19
6.93006 0.00660867 1.1562e+19
6.94006 0.00653533 1.15907e+19
6.95006 0.00647333 1.15967e+19
6.96006 0.00651833 1.16026e+19
6.97007 0.006553 1.16085e+19
6.98007 0.00641133 1.16145e+19
6.99007 0.006453 1.16205e+19
7.00007 0.006341 1.16264e+19
7.01007 0.006399 1.16323e+19
7.02007 0.00627967 1.16383e+19
7.03007 0.00628567 1.16442e+19
7.04007 0.00627567 1.16501e+19
7.05007 0.006228 1.16561e+19
7.06007 0.006181 1.1662e+19
7.07007 0.00614033 1.1668e+19
7.08007 0.006071 1.16738e+19
7.09007 0.00606567 1.16798e+19
7.10007 0.00605167 1.16857e+19
7.11007 0.006116 1.16917e+19
7.12007 0.00594933 1.16976e+19
7.13007 0.00596333 1.17035e+19
7.14007 0.00590733 1.16867e+19
7.15007 0.005917 1.16924e+19
7.16007 0.00595933 1.16984e+19
7.17007 0.005827 1.17043e+19
7.18007 0.005783 1.17102e+19
7.19007 0.00586667 1.1716e+19
7.20007 0.00585467 1.1722e+19
7.21007 0.00575633 1.17279e+19
7.22007 0.00578067 1.17337e+19
7.23007 0.00569867 1.17395e+19
7.24007 0.00569233 1.17455e+19
7.25007 0.00554933 1.17667e+19
7.26007 0.005604 1.17726e+19
7.27007 0.00560367 1.17786e+19
7.28007 0.00562 1.17845e+19
7.29007 0.005531 1.17905e+19
7.30007 0.00554667 1.17964e+19
7.31007 0.00552767 1.18023e+19
7.32007 0.00546333 1.18083e+19
7.33007 0.005533 1.18143e+19
7.34007 0.00544367 1.18202e+19
7.35007 0.00540167 1.18261e+19
7.36007 0.00540267 1.18321e+19
7.37007 0.00532267 1.1838e+19
7.38007 0.005295 1.1844e+19
7.39007 0.00524067 1.18499e+19
7.40007 0.00531667 1.18558e+19
7.41008 0.005326 1.18618e+19
7.42008 0.00525033 1.18677e+19
7.43008 0.00524 1.18736e+19
7.44008 0.005166 1.18796e+19
7.45008 0.00516667 1.18702e+19
7.46008 0.00513633 1.18761e+19
7.47008 0.005143 1.1882e+19
7.48008 0.00517933 1.18878e+19
7.49008 0.00503367 1.18937e+19
7.50008 0.00498833 1.18996e+19
7.51008 0.00511033 1.19054e+19
7.52008 0.00497767 1.19114e+19
7.53008 0.00506367 1.19172e+19
7.54008 0.00504467 1.19231e+19
7.55008 0.00491133 1.1929e+19
7.56008 0.004886 1.19348e+19
7.57008 0.00492633 1.1888e+19
7.58008 0.00484567 1.18937e+19
7.59008 0.00492133 1.18996e+19
7.60008 0.004887 1.19055e+19
7.61008 0.00484267 1.19112e+19
7.62008 0.00486767 1.1917e+19
7.63008 0.004868 1.19228e+19
7.64008 0.00477667 1.19286e+19
7.65008 0.00471633 1.19345e+19
7.66008 0.00477867 1.19402e+19
7.67008 0.004724 1.1946e+19
7.68008 0.00475433 1.19519e+19
7.69008 0.00470033 1.19576e+19
7.70008 0.00469233 1.19634e+19
7.71008 0.00460867 1.19692e+19
7.72008 0.00459 1.1975e+19
7.73008 0.004596 1.19809e+19
7.74008 0.00450033 1.19866e+19
7.75008 0.004513 1.19924e+19
7.76008 0.004571 1.19983e+19
7.77008 0.00453533 1.20567e+19
7.78008 0.004516 1.20626e+19
7.79008 0.00445367 1.20685e+19
7.80008 0.00440433 1.20743e+19
7.81008 0.00437433 1.20802e+19
7.82008 0.00438733 1.20861e+19
7.83008 0.004406 1.20919e+19
7.84009 0.004408 1.20978e+19
7.85009 0.004402 1.21036e+19
7.86009 0.00438233 1.21095e+19
7.87009 0.00431367 1.21154e+19
7.88009 0.004356 1.21212e+19
7.89009 0.00419633 1.21271e+19
7.90009 0.00429867 1.2175e+19
7.91009 0.00421967 1.21809e+19
7.92009 0.00422733 1.21867e+19
7.93009 0.00422867 1.21926e+19
7.94009 0.00412967 1.21985e+19
7.95009 0.004172 1.22044e+19
7.96009 0.00420067 1.22104e+19
7.97009 0.004205 1.22162e+19
7.98009 0.00415 1.22221e+19
7.99009 0.00406533 1.2228e+19
8.00009 0.00415433 1.22338e+19
8.01009 0.004042 1.22397e+19
8.02009 0.004011 1.22456e+19
8.03009 0.00403233 1.22515e+19
8.04009 0.003972 1.22574e+19
8.05009 0.004068 1.22632e+19
8.06009 0.003966 1.22692e+19
8.07009 0.00396833 1.22751e+19
8.08009 0.00392367 1.22809e+19
8.09009 0.00394733 1.22868e+19
8.10009 0.003892 1.22506e+19
8.11009 0.003895 1.22564e+19
8.12009 0.003887 1.22623e+19
8.13009 0.003887 1.22682e+19
8.14009 0.003823 1.2274e+19
8.15009 0.003873 1.22799e+19
8.16009 0.00387867 1.22858e+19
8.17009 0.00392033 1.22915e+19
8.18009 0.003758 1.22974e+19
8.19009 0.00370133 1.23032e+19
8.20009 0.00381767 1.23091e+19
8.21009 0.00374767 1.2315e+19
8.22009 0.00377433 1.23208e+19
8.23009 0.00374333 1.23267e+19
8.24009 0.00372033 1.23325e+19
8.25009 0.003671 1.23068e+19
8.26009 0.00372067 1.23126e+19
8.27009 0.003706 1.23185e+19
8.2801 0.003689 1.23244e+19
8.2901 0.00371367 1.23302e+19
8.3001 0.003661 1.2336e+19
8.3101 0.003663 1.23419e+19
8.3201 0.00359567 1.23477e+19
8.3301 0.00354433 1.23536e+19
8.3401 0.003595 1.23595e+19
8.3501 0.003513 1.23654e+19
8.3601 0.00356533 1.23713e+19
8.3701 0.00351867 1.2377e+19
8.3801 0.00351033 1.23828e+19
8.3901 0.00353167 1.23887e+19
8.4001 0.00351767 1.23946e+19
8.4101 0.00350067 1.24004e+19
8.4201 0.00351 1.24063e+19
8.4301 0.003456 1.24122e+19
8.4401 0.003444 1.24179e+19
8.4501 0.00343967 1.24555e+19
8.4601 0.003348 1.24613e+19
8.4701 0.00341967 1.24671e+19
8.4801 0.00338 1.2473e+19
8.4901 0.003402 1.24788e+19
8.5001 0.00334467 1.24846e+19
8.5101 0.003325 1.24905e+19
8.5201 0.003351 1.24963e+19
8.5301 0.003335 1.25021e+19
8.5401 0.003382 1.25081e+19
8.5501 0.003276 1.25138e+19
8.5601 0.003307 1.25197e+19
8.5701 0.003316 1.25255e+19
8.5801 0.00328567 1.25313e+19
8.5901 0.00324633 1.25372e+19
8.6001 0.00326267 1.2543e+19
8.6101 0.003195 1.25489e+19
8.6201 0.00323433 1.25164e+19
8.6301 0.00317467 1.25222e+19
8.6401 0.003212 1.2528e+19
8.6501 0.003229 1.25338e+19
8.6601 0.003186 1.25396e+19
8.6701 0.003096 1.25454e+19
8.6801 0.00311233 1.25512e+19
8.6901 0.003123 1.25569e+19
8.7001 0.003153 1.25628e+19
8.7101 0.00312967 1.25685e+19
8.72011 0.003157 1.25743e+19
8.73011 0.00310333 1.25802e+19
8.74011 0.00304967 1.2586e+19
8.75011 0.003081 1.25917e+19
8.76011 0.003077 1.25975e+19
8.77011 0.003025 1.26034e+19
8.78011 0.00307667 1.2609e+19
8.79011 0.00303967 1.2615e+19
8.80011 0.00299967 1.26207e+19
8.81011 0.00301 1.26265e+19
8.82011 0.00296 1.26706e+19
8.83011 0.00294267 1.26764e+19
8.84011 0.002983 1.26822e+19
8.85011 0.002966 1.2688e+19
8.86011 0.00294133 1.2694e+19
8.87011 0.00293267 1.26997e+19
8.88011 0.00289733 1.27056e+19
8.89011 0.00287 1.27114e+19
8.90011 0.00292333 1.27172e+19
8.91011 0.002853 1.27231e+19
8.92011 0.00287567 1.27288e+19
8.93011 0.00286567 1.27347e+19
8.94011 0.00286967 1.27405e+19
8.95011 0.00292167 1.27464e+19
8.96011 0.00281933 1.27522e+19
8.97011 0.00282433 1.2758e+19
8.98011 0.00279033 1.27638e+19