0.000000	1.92166   	180.000000	4.72262   	
0.015578	1.92166   	179.714374	4.72267   	
0.031157	1.92165   	179.428751	4.7228    	
0.046735	1.92165   	179.143136	4.72301   	
0.062313	1.92164   	178.857531	4.72331   	
0.077890	1.92162   	178.571941	4.7237    	
0.093467	1.92161   	178.286368	4.72418   	
0.109043	1.92159   	178.000817	4.72474   	
0.124618	1.92156   	177.715291	4.72539   	
0.140192	1.92154   	177.429793	4.72612   	
0.155765	1.92151   	177.144328	4.72694   	
0.171337	1.92148   	176.858898	4.72785   	
0.186908	1.92144   	176.573507	4.72884   	
0.202478	1.92141   	176.288160	4.72992   	
0.218045	1.92137   	176.002858	4.73108   	
0.233612	1.92132   	175.717606	4.73233   	
0.249176	1.92128   	175.432408	4.73367   	
0.264739	1.92123   	175.147266	4.7351    	
0.280300	1.92117   	174.862185	4.73661   	
0.295858	1.92112   	174.577168	4.7382    	
0.311415	1.92106   	174.292218	4.73988   	
0.326969	1.921     	174.007339	4.74165   	
0.342520	1.92093   	173.722534	4.74351   	
0.358069	1.92087   	173.437807	4.74545   	
0.373616	1.9208    	173.153162	4.74747   	
0.389159	1.92072   	172.868601	4.74959   	
0.404700	1.92065   	172.584129	4.75179   	
0.420238	1.92057   	172.299748	4.75407   	
0.435772	1.92048   	172.015462	4.75644   	
0.451304	1.9204    	171.731275	4.7589    	
0.466832	1.92031   	171.447190	4.76144   	
0.482356	1.92022   	171.163209	4.76407   	
0.497877	1.92012   	170.879338	4.76679   	
0.513394	1.92003   	170.595579	4.76959   	
0.528907	1.91993   	170.311935	4.77248   	
0.544417	1.91982   	170.028409	4.77545   	
0.559922	1.91972   	169.745006	4.77851   	
0.575423	1.91961   	169.461728	4.78165   	
0.590920	1.9195    	169.178579	4.78488   	
0.606413	1.91938   	168.895562	4.7882    	
0.621901	1.91926   	168.612679	4.7916    	
0.637384	1.91914   	168.329936	4.79508   	
0.652862	1.91902   	168.047334	4.79866   	
0.668336	1.91889   	167.764877	4.80232   	
0.683805	1.91876   	167.482568	4.80606   	
0.699268	1.91863   	167.200410	4.80989   	
0.714726	1.91849   	166.918407	4.8138    	
0.730179	1.91835   	166.636562	4.8178    	
0.745627	1.91821   	166.354877	4.82189   	
0.761069	1.91806   	166.073356	4.82606   	
0.776505	1.91792   	165.792002	4.83032   	
0.791936	1.91777   	165.510818	4.83466   	
0.807360	1.91761   	165.229808	4.83908   	
0.822779	1.91745   	164.948973	4.8436    	
0.838191	1.91729   	164.668318	4.84819   	
0.853597	1.91713   	164.387845	4.85287   	
0.868997	1.91697   	164.107557	4.85764   	
0.884390	1.9168    	163.827457	4.86249   	
0.899777	1.91663   	163.547548	4.86743   	
0.915157	1.91645   	163.267833	4.87245   	
0.930530	1.91627   	162.988315	4.87756   	
0.945896	1.91609   	162.708997	4.88275   	
0.961255	1.91591   	162.429882	4.88803   	
0.976607	1.91572   	162.150972	4.89339   	
0.991951	1.91553   	161.872270	4.89883   	
1.007288	1.91534   	161.593780	4.90437   	
1.022618	1.91515   	161.315503	4.90998   	
1.037940	1.91495   	161.037443	4.91568   	
1.053254	1.91475   	160.759602	4.92146   	
1.068560	1.91454   	160.481983	4.92733   	
1.083858	1.91434   	160.204589	4.93328   	
1.099148	1.91413   	159.927422	4.93932   	
1.114430	1.91391   	159.650486	4.94544   	
1.129703	1.9137    	159.373782	4.95165   	
1.144968	1.91348   	159.097313	4.95794   	
1.160225	1.91326   	158.821081	4.96431   	
1.175473	1.91303   	158.545091	4.97077   	
1.190712	1.91281   	158.269342	4.97731   	
1.205942	1.91258   	157.993840	4.98393   	
1.221162	1.91234   	157.718585	4.99064   	
1.236374	1.91211   	157.443580	4.99743   	
1.251577	1.91187   	157.168827	5.00431   	
1.266770	1.91163   	156.894330	5.01127   	
1.281953	1.91138   	156.620090	5.01831   	
1.297127	1.91113   	156.346110	5.02544   	
1.312292	1.91088   	156.072391	5.03265   	
1.327446	1.91063   	155.798937	5.03994   	
1.342590	1.91037   	155.525750	5.04732   	
1.357725	1.91011   	155.252831	5.05477   	
1.372849	1.90985   	154.980183	5.06232   	
1.387962	1.90959   	154.707809	5.06994   	
1.403066	1.90932   	154.435710	5.07765   	
1.418159	1.90905   	154.163888	5.08544   	
1.433241	1.90877   	153.892346	5.09331   	
1.448312	1.9085    	153.621085	5.10127   	
1.463372	1.90822   	153.350109	5.10931   	
1.478422	1.90793   	153.079418	5.11743   	
1.493460	1.90765   	152.809014	5.12564   	
1.508487	1.90736   	152.538901	5.13392   	
1.523503	1.90707   	152.269079	5.14229   	
1.538507	1.90678   	151.999550	5.15074   	
1.553499	1.90648   	151.730318	5.15927   	
1.568480	1.90618   	151.461382	5.16789   	
1.583449	1.90588   	151.192746	5.17659   	
1.598406	1.90557   	150.924411	5.18536   	
1.613351	1.90526   	150.656378	5.19422   	
1.628284	1.90495   	150.388650	5.20317   	
1.643205	1.90464   	150.121229	5.21219   	
1.658113	1.90432   	149.854115	5.2213    	
1.673009	1.904     	149.587311	5.23048   	
1.687892	1.90368   	149.320819	5.23975   	
1.702762	1.90336   	149.054640	5.2491    	
1.717619	1.90303   	148.788775	5.25853   	
1.732464	1.9027    	148.523226	5.26804   	
1.747295	1.90236   	148.257995	5.27763   	
1.762113	1.90203   	147.993084	5.28731   	
1.776918	1.90169   	147.728493	5.29706   	
1.791709	1.90135   	147.464225	5.30689   	
1.806487	1.901     	147.200280	5.31681   	
1.821251	1.90066   	146.936660	5.32681   	
1.836001	1.90031   	146.673367	5.33688   	
1.850737	1.89995   	146.410402	5.34704   	
1.865460	1.8996    	146.147766	5.35727   	
1.880168	1.89924   	145.885461	5.36759   	
1.894862	1.89888   	145.623487	5.37799   	
1.909542	1.89851   	145.361847	5.38846   	
1.924207	1.89814   	145.100541	5.39902   	
1.938857	1.89778   	144.839571	5.40966   	
1.953493	1.8974    	144.578937	5.42037   	
1.968114	1.89703   	144.318642	5.43116   	
1.982720	1.89665   	144.058685	5.44204   	
1.997311	1.89627   	143.799069	5.45299   	
2.011886	1.89588   	143.539795	5.46402   	
2.026447	1.8955    	143.280862	5.47514   	
2.040992	1.89511   	143.022273	5.48633   	
2.055522	1.89472   	142.764029	5.4976    	
2.070035	1.89432   	142.506130	5.50894   	
2.084534	1.89393   	142.248578	5.52037   	
2.099016	1.89353   	141.991372	5.53187   	
2.113482	1.89312   	141.734516	5.54346   	
2.127932	1.89272   	141.478008	5.55512   	
2.142366	1.89231   	141.221851	5.56686   	
2.156784	1.8919    	140.966044	5.57868   	
2.171185	1.89149   	140.710590	5.59057   	
2.185570	1.89107   	140.455487	5.60254   	
2.199938	1.89065   	140.200739	5.6146    	
2.214289	1.89023   	139.946344	5.62672   	
2.228623	1.8898    	139.692304	5.63893   	
2.242940	1.88938   	139.438620	5.65121   	
2.257240	1.88895   	139.185292	5.66357   	
2.271523	1.88852   	138.932321	5.67601   	
2.285789	1.88808   	138.679708	5.68852   	
2.300037	1.88764   	138.427453	5.70111   	
2.314267	1.8872    	138.175557	5.71378   	
2.328480	1.88676   	137.924020	5.72653   	
2.342674	1.88631   	137.672843	5.73935   	
2.356851	1.88586   	137.422026	5.75224   	
2.371010	1.88541   	137.171571	5.76522   	
2.385151	1.88496   	136.921477	5.77827   	
2.399273	1.8845    	136.671745	5.79139   	
2.413377	1.88404   	136.422375	5.80459   	
2.427463	1.88358   	136.173369	5.81787   	
2.441530	1.88312   	135.924725	5.83122   	
2.455578	1.88265   	135.676446	5.84465   	
2.469607	1.88218   	135.428530	5.85815   	
2.483617	1.88171   	135.180979	5.87173   	
2.497608	1.88124   	134.933792	5.88538   	
2.511580	1.88076   	134.686971	5.89911   	
2.525533	1.88028   	134.440514	5.91291   	
2.539466	1.8798    	134.194424	5.92679   	
2.553380	1.87931   	133.948699	5.94074   	
2.567274	1.87882   	133.703340	5.95476   	
2.581148	1.87833   	133.458348	5.96886   	
2.595002	1.87784   	133.213722	5.98304   	
2.608836	1.87735   	132.969462	5.99729   	
2.622651	1.87685   	132.725570	6.01161   	
2.636445	1.87635   	132.482044	6.026     	
2.650218	1.87584   	132.238886	6.04047   	
2.663971	1.87534   	131.996095	6.05501   	
2.677704	1.87483   	131.753671	6.06963   	
2.691416	1.87432   	131.511614	6.08432   	
2.705107	1.87381   	131.269925	6.09908   	
2.718777	1.87329   	131.028603	6.11391   	
2.732426	1.87277   	130.787649	6.12882   	
2.746054	1.87225   	130.547062	6.1438    	
2.759660	1.87173   	130.306842	6.15885   	
2.773246	1.8712    	130.066990	6.17397   	
2.786809	1.87068   	129.827505	6.18917   	
2.800352	1.87014   	129.588388	6.20443   	
2.813872	1.86961   	129.349638	6.21977   	
2.827371	1.86908   	129.111255	6.23518   	
2.840847	1.86854   	128.873239	6.25066   	
2.854302	1.868     	128.635590	6.26622   	
2.867734	1.86745   	128.398307	6.28184   	
2.881144	1.86691   	128.161391	6.29754   	
2.894532	1.86636   	127.924842	6.3133    	
2.907897	1.86581   	127.688659	6.32914   	
2.921240	1.86526   	127.452842	6.34505   	
2.934559	1.8647    	127.217390	6.36102   	
2.947856	1.86414   	126.982305	6.37707   	
2.961130	1.86358   	126.747584	6.39319   	
2.974381	1.86302   	126.513229	6.40937   	
2.987609	1.86245   	126.279238	6.42563   	
3.000813	1.86189   	126.045613	6.44196   	
3.013994	1.86132   	125.812351	6.45835   	
3.027151	1.86074   	125.579453	6.47482   	
3.040285	1.86017   	125.346919	6.49135   	
3.053395	1.85959   	125.114748	6.50796   	
3.066481	1.85901   	124.882940	6.52463   	
3.079543	1.85843   	124.651495	6.54137   	
3.092581	1.85785   	124.420412	6.55818   	
3.105594	1.85726   	124.189691	6.57505   	
3.118584	1.85667   	123.959331	6.592     	
3.131549	1.85608   	123.729332	6.60901   	
3.144489	1.85549   	123.499694	6.62609   	
3.157405	1.85489   	123.270416	6.64324   	
3.170295	1.85429   	123.041498	6.66046   	
3.183161	1.85369   	122.812939	6.67774   	
3.196002	1.85309   	122.584739	6.69509   	
3.208818	1.85248   	122.356897	6.7125    	
3.221609	1.85187   	122.129413	6.72999   	
3.234374	1.85126   	121.902286	6.74754   	
3.247113	1.85065   	121.675517	6.76515   	
3.259827	1.85004   	121.449103	6.78284   	
3.272516	1.84942   	121.223046	6.80058   	
3.285178	1.8488    	120.997343	6.8184    	
3.297815	1.84818   	120.771996	6.83628   	
3.310426	1.84755   	120.547003	6.85422   	
3.323010	1.84693   	120.322363	6.87223   	
3.335568	1.8463    	120.098077	6.89031   	
3.348100	1.84567   	119.874143	6.90845   	
3.360606	1.84504   	119.650560	6.92665   	
3.373084	1.8444    	119.427330	6.94492   	
3.385536	1.84376   	119.204449	6.96326   	
3.397962	1.84312   	118.981919	6.98166   	
3.410360	1.84248   	118.759739	7.00012   	
3.422731	1.84184   	118.537907	7.01865   	
3.435075	1.84119   	118.316424	7.03724   	
3.447392	1.84054   	118.095288	7.05589   	
3.459681	1.83989   	117.874499	7.07461   	
3.471943	1.83924   	117.654056	7.09339   	
3.484177	1.83858   	117.433958	7.11223   	
3.496384	1.83793   	117.214206	7.13113   	
3.508563	1.83727   	116.994798	7.1501    	
3.520713	1.83661   	116.775733	7.16913   	
3.532836	1.83594   	116.557011	7.18823   	
3.544931	1.83528   	116.338632	7.20738   	
3.556997	1.83461   	116.120593	7.2266    	
3.569035	1.83394   	115.902896	7.24588   	
3.581044	1.83327   	115.685538	7.26521   	
3.593025	1.83259   	115.468520	7.28462   	
3.604977	1.83191   	115.251840	7.30408   	
3.616900	1.83124   	115.035498	7.3236    	
3.628794	1.83056   	114.819493	7.34318   	
3.640660	1.82987   	114.603824	7.36283   	
3.652496	1.82919   	114.388490	7.38253   	
3.664302	1.8285    	114.173492	7.4023    	
3.676080	1.82781   	113.958827	7.42212   	
3.687827	1.82712   	113.744496	7.442     	
3.699546	1.82643   	113.530497	7.46195   	
3.711234	1.82573   	113.316830	7.48195   	
3.722893	1.82503   	113.103493	7.50201   	
3.734521	1.82433   	112.890487	7.52213   	
3.746120	1.82363   	112.677810	7.54231   	
3.757688	1.82293   	112.465461	7.56255   	
3.769226	1.82222   	112.253440	7.58284   	
3.780734	1.82152   	112.041746	7.6032    	
3.792211	1.82081   	111.830378	7.62361   	
3.803658	1.82009   	111.619335	7.64408   	
3.815074	1.81938   	111.408617	7.66461   	
3.826459	1.81867   	111.198222	7.68519   	
3.837813	1.81795   	110.988150	7.70583   	
3.849136	1.81723   	110.778400	7.72653   	
3.860428	1.81651   	110.568970	7.74729   	
3.871689	1.81578   	110.359862	7.7681    	
3.882918	1.81506   	110.151072	7.78897   	
3.894116	1.81433   	109.942601	7.80989   	
3.905282	1.8136    	109.734448	7.83087   	
3.916416	1.81287   	109.526611	7.85191   	
3.927519	1.81214   	109.319091	7.873     	
3.938590	1.8114    	109.111885	7.89414   	
3.949628	1.81066   	108.904994	7.91535   	
3.960635	1.80992   	108.698416	7.9366    	
3.971609	1.80918   	108.492151	7.95791   	
3.982551	1.80844   	108.286197	7.97928   	
3.993460	1.8077    	108.080555	8.0007    	
4.004337	1.80695   	107.875222	8.02217   	
4.015181	1.8062    	107.670198	8.0437    	
4.025992	1.80545   	107.465482	8.06528   	
4.036771	1.8047    	107.261074	8.08691   	
4.047516	1.80395   	107.056971	8.1086    	
4.058228	1.80319   	106.853175	8.13034   	
4.068907	1.80243   	106.649683	8.15213   	
4.079553	1.80167   	106.446495	8.17398   	
4.090165	1.80091   	106.243609	8.19587   	
4.100744	1.80015   	106.041026	8.21782   	
4.111289	1.79938   	105.838743	8.23982   	
4.121800	1.79862   	105.636761	8.26188   	
4.132277	1.79785   	105.435078	8.28398   	
4.142720	1.79708   	105.233693	8.30614   	
4.153130	1.79631   	105.032606	8.32834   	
4.163504	1.79553   	104.831815	8.3506    	
4.173845	1.79476   	104.631320	8.37291   	
4.184151	1.79398   	104.431120	8.39527   	
4.194423	1.7932    	104.231213	8.41767   	
4.204660	1.79242   	104.031600	8.44013   	
4.214862	1.79164   	103.832279	8.46264   	
4.225030	1.79085   	103.633248	8.4852    	
4.235162	1.79007   	103.434508	8.5078    	
4.245260	1.78928   	103.236057	8.53046   	
4.255322	1.78849   	103.037895	8.55316   	
4.265349	1.7877    	102.840020	8.57592   	
4.275340	1.78691   	102.642432	8.59872   	
4.285296	1.78611   	102.445130	8.62156   	
4.295217	1.78532   	102.248112	8.64446   	
4.305102	1.78452   	102.051378	8.66741   	
4.314950	1.78372   	101.854927	8.6904    	
4.324763	1.78292   	101.658758	8.71344   	
4.334540	1.78212   	101.462870	8.73652   	
4.344281	1.78131   	101.267263	8.75965   	
4.353986	1.78051   	101.071935	8.78283   	
4.363654	1.7797    	100.876885	8.80606   	
4.373286	1.77889   	100.682113	8.82933   	
4.382881	1.77808   	100.487617	8.85265   	
4.392440	1.77727   	100.293397	8.87601   	
4.401962	1.77645   	100.099452	8.89942   	
4.411447	1.77564   	99.905780	8.92287   	
4.420895	1.77482   	99.712382	8.94637   	
4.430306	1.774     	99.519256	8.96991   	
4.439679	1.77318   	99.326400	8.9935    	
4.449016	1.77236   	99.133815	9.01713   	
4.458315	1.77154   	98.941500	9.04081   	
4.467576	1.77071   	98.749452	9.06452   	
4.476800	1.76989   	98.557673	9.08829   	
4.485987	1.76906   	98.366160	9.11209   	
4.495135	1.76823   	98.174912	9.13594   	
4.504246	1.7674    	97.983929	9.15983   	
4.513318	1.76657   	97.793211	9.18377   	
4.522353	1.76573   	97.602755	9.20774   	
4.531349	1.7649    	97.412561	9.23176   	
4.540307	1.76406   	97.222629	9.25582   	
4.549226	1.76322   	97.032957	9.27992   	
4.558107	1.76238   	96.843544	9.30407   	
4.566950	1.76154   	96.654390	9.32825   	
4.575753	1.7607    	96.465493	9.35248   	
4.584518	1.75986   	96.276853	9.37674   	
4.593244	1.75901   	96.088469	9.40105   	
4.601930	1.75817   	95.900339	9.42539   	
4.610578	1.75732   	95.712464	9.44978   	
4.619186	1.75647   	95.524842	9.47421   	
4.627755	1.75562   	95.337472	9.49867   	
4.636285	1.75477   	95.150354	9.52318   	
4.644775	1.75391   	94.963486	9.54772   	
4.653225	1.75306   	94.776867	9.5723    	
4.661636	1.7522    	94.590498	9.59692   	
4.670007	1.75135   	94.404376	9.62158   	
4.678337	1.75049   	94.218501	9.64628   	
4.686628	1.74963   	94.032872	9.67101   	
4.694879	1.74877   	93.847488	9.69578   	
4.703089	1.7479    	93.662349	9.72059   	
4.711259	1.74704   	93.477453	9.74544   	
4.719389	1.74617   	93.292799	9.77032   	
4.727478	1.74531   	93.108387	9.79524   	
4.735526	1.74444   	92.924217	9.8202    	
4.743534	1.74357   	92.740286	9.84519   	
4.751500	1.7427    	92.556594	9.87022   	
4.759426	1.74183   	92.373140	9.89528   	
4.767311	1.74096   	92.189923	9.92038   	
4.775154	1.74008   	92.006944	9.94551   	
4.782957	1.73921   	91.824199	9.97068   	
4.790718	1.73833   	91.641690	9.99588   	
4.798437	1.73746   	91.459414	10.0211   	
4.806115	1.73658   	91.277372	10.0464   	
4.813752	1.7357    	91.095561	10.0717   	
4.821346	1.73482   	90.913982	10.097    	
4.828899	1.73393   	90.732634	10.1224   	
4.836410	1.73305   	90.551515	10.1478   	
4.843879	1.73217   	90.370625	10.1733   	
4.851305	1.73128   	90.189962	10.1987   	
4.858690	1.73039   	90.009527	10.2242   	
4.866032	1.72951   	89.829319	10.2498   	
4.873332	1.72862   	89.649335	10.2753   	
4.880589	1.72773   	89.469577	10.3009   	
4.887803	1.72684   	89.290042	10.3266   	
4.894975	1.72595   	89.110730	10.3522   	
4.902104	1.72505   	88.931640	10.3779   	
4.909191	1.72416   	88.752771	10.4036   	
4.916234	1.72326   	88.574123	10.4294   	
4.923234	1.72237   	88.395694	10.4552   	
4.930191	1.72147   	88.217485	10.481    	
4.937104	1.72057   	88.039493	10.5068   	
4.943975	1.71967   	87.861718	10.5327   	
4.950801	1.71877   	87.684160	10.5586   	
4.957585	1.71787   	87.506817	10.5845   	
4.964324	1.71697   	87.329689	10.6105   	
4.971020	1.71606   	87.152775	10.6364   	
4.977672	1.71516   	86.976074	10.6625   	
4.984280	1.71425   	86.799585	10.6885   	
4.990844	1.71335   	86.623308	10.7146   	
4.997364	1.71244   	86.447242	10.7407   	
5.003840	1.71153   	86.271385	10.7668   	
5.010271	1.71062   	86.095737	10.7929   	
5.016658	1.70971   	85.920298	10.8191   	
5.023001	1.7088    	85.745066	10.8453   	
5.029299	1.70789   	85.570041	10.8715   	
5.035552	1.70698   	85.395222	10.8978   	
5.041760	1.70606   	85.220609	10.9241   	
5.047924	1.70515   	85.046199	10.9504   	
5.054043	1.70424   	84.871993	10.9767   	
5.060116	1.70332   	84.697990	11.003    	
5.066145	1.7024    	84.524189	11.0294   	
5.072128	1.70148   	84.350589	11.0558   	
5.078066	1.70057   	84.177189	11.0823   	
5.083959	1.69965   	84.003990	11.1087   	
5.089806	1.69873   	83.830989	11.1352   	
5.095608	1.6978    	83.658186	11.1617   	
5.101363	1.69688   	83.485581	11.1882   	
5.107074	1.69596   	83.313173	11.2147   	
5.112738	1.69504   	83.140960	11.2413   	
5.118356	1.69411   	82.968943	11.2679   	
5.123929	1.69319   	82.797119	11.2945   	
5.129455	1.69226   	82.625490	11.3211   	
5.134935	1.69134   	82.454053	11.3478   	
5.140369	1.69041   	82.282809	11.3744   	
5.145756	1.68948   	82.111756	11.4011   	
5.151097	1.68855   	81.940893	11.4278   	
5.156391	1.68762   	81.770221	11.4546   	
5.161639	1.68669   	81.599738	11.4813   	
5.166840	1.68576   	81.429443	11.5081   	
5.171994	1.68483   	81.259336	11.5349   	
5.177102	1.6839    	81.089415	11.5617   	
5.182162	1.68297   	80.919681	11.5885   	
5.187175	1.68203   	80.750133	11.6153   	
5.192142	1.6811    	80.580769	11.6422   	
5.197061	1.68016   	80.411590	11.6691   	
5.201932	1.67923   	80.242594	11.696    	
5.206756	1.67829   	80.073780	11.7229   	
5.211533	1.67736   	79.905148	11.7498   	
5.216262	1.67642   	79.736698	11.7768   	
5.220944	1.67548   	79.568428	11.8038   	
5.225578	1.67454   	79.400338	11.8308   	
5.230164	1.6736    	79.232427	11.8578   	
5.234702	1.67267   	79.064694	11.8848   	
5.239192	1.67173   	78.897139	11.9118   	
5.243635	1.67079   	78.729761	11.9389   	
5.248029	1.66984   	78.562559	11.9659   	
5.252374	1.6689    	78.395533	11.993    	
5.256672	1.66796   	78.228682	12.0201   	
5.260921	1.66702   	78.062005	12.0472   	
5.265122	1.66608   	77.895501	12.0743   	
5.269274	1.66513   	77.729171	12.1015   	
5.273377	1.66419   	77.563012	12.1286   	
5.277432	1.66324   	77.397025	12.1558   	
5.281438	1.6623    	77.231209	12.1829   	
5.285395	1.66135   	77.065563	12.2101   	
5.289304	1.66041   	76.900087	12.2373   	
5.293163	1.65946   	76.734779	12.2645   	
5.296973	1.65852   	76.569639	12.2918   	
5.300734	1.65757   	76.404667	12.319    	
5.304446	1.65662   	76.239861	12.3462   	
5.308108	1.65567   	76.075222	12.3735   	
5.311722	1.65473   	75.910748	12.4008   	
5.315285	1.65378   	75.746439	12.428    	
5.318799	1.65283   	75.582294	12.4553   	
5.322264	1.65188   	75.418313	12.4826   	
5.325678	1.65093   	75.254495	12.5099   	
5.329043	1.64998   	75.090838	12.5373   	
5.332359	1.64903   	74.927344	12.5646   	
5.335624	1.64808   	74.764010	12.5919   	
5.338839	1.64713   	74.600836	12.6193   	
5.342004	1.64618   	74.437823	12.6466   	
5.345119	1.64523   	74.274968	12.674    	
5.348184	1.64428   	74.112271	12.7014   	
5.351198	1.64332   	73.949732	12.7287   	
5.354163	1.64237   	73.787351	12.7561   	
5.357076	1.64142   	73.625126	12.7835   	
5.359940	1.64047   	73.463056	12.8109   	
5.362752	1.63952   	73.301142	12.8383   	
5.365514	1.63856   	73.139383	12.8657   	
5.368226	1.63761   	72.977777	12.8931   	
5.370886	1.63666   	72.816325	12.9206   	
5.373496	1.6357    	72.655026	12.948    	
5.376055	1.63475   	72.493879	12.9754   	
5.378562	1.63379   	72.332883	13.0029   	
5.381019	1.63284   	72.172039	13.0303   	
5.383425	1.63189   	72.011345	13.0578   	
5.385779	1.63093   	71.850800	13.0852   	
5.388082	1.62998   	71.690404	13.1127   	
5.390334	1.62902   	71.530158	13.1401   	
5.392535	1.62807   	71.370059	13.1676   	
5.394684	1.62711   	71.210107	13.1951   	
5.396781	1.62616   	71.050302	13.2225   	
5.398827	1.6252    	70.890643	13.25     	
5.400821	1.62425   	70.731130	13.2775   	
5.402764	1.62329   	70.571762	13.3049   	
5.404654	1.62234   	70.412538	13.3324   	
5.406493	1.62138   	70.253458	13.3599   	
5.408280	1.62043   	70.094522	13.3874   	
5.410015	1.61947   	69.935728	13.4149   	
5.411698	1.61852   	69.777076	13.4423   	
5.413329	1.61756   	69.618565	13.4698   	
5.414907	1.61661   	69.460196	13.4973   	
5.416434	1.61565   	69.301967	13.5248   	
5.417908	1.61469   	69.143877	13.5523   	
5.419330	1.61374   	68.985927	13.5797   	
5.420699	1.61278   	68.828116	13.6072   	
5.422016	1.61183   	68.670443	13.6347   	
5.423281	1.61087   	68.512907	13.6622   	
5.424493	1.60992   	68.355508	13.6896   	
5.425652	1.60896   	68.198246	13.7171   	
5.426758	1.60801   	68.041120	13.7446   	
5.427812	1.60705   	67.884129	13.772    	
5.428813	1.6061    	67.727273	13.7995   	
5.429761	1.60514   	67.570551	13.827    	
5.430656	1.60419   	67.413963	13.8544   	
5.431498	1.60324   	67.257508	13.8819   	
5.432287	1.60228   	67.101185	13.9093   	
5.433023	1.60133   	66.944995	13.9368   	
5.433706	1.60037   	66.788936	13.9642   	
5.434336	1.59942   	66.633009	13.9916   	
5.434912	1.59847   	66.477211	14.0191   	
5.435435	1.59751   	66.321544	14.0465   	
5.435905	1.59656   	66.166006	14.0739   	
5.436321	1.59561   	66.010597	14.1013   	
5.436684	1.59465   	65.855317	14.1287   	
5.436994	1.5937    	65.700164	14.1561   	
5.437249	1.59275   	65.545139	14.1835   	
5.437451	1.5918    	65.390240	14.2109   	
5.437600	1.59085   	65.235468	14.2383   	
5.437695	1.58989   	65.080822	14.2656   	
5.437736	1.58894   	64.926301	14.293    	
5.437723	1.58799   	64.771904	14.3203   	
5.437656	1.58704   	64.617632	14.3477   	
5.437535	1.58609   	64.463484	14.375    	
5.437361	1.58514   	64.309459	14.4024   	
5.437132	1.58419   	64.155556	14.4297   	
5.436850	1.58324   	64.001776	14.457    	
5.436513	1.58229   	63.848118	14.4843   	
5.436122	1.58134   	63.694581	14.5116   	
5.435677	1.5804    	63.541164	14.5389   	
5.435177	1.57945   	63.387868	14.5661   	
5.434624	1.5785    	63.234692	14.5934   	
5.434016	1.57755   	63.081635	14.6206   	
5.433354	1.57661   	62.928697	14.6479   	
5.432637	1.57566   	62.775877	14.6751   	
5.431866	1.57471   	62.623175	14.7023   	
5.431040	1.57377   	62.470590	14.7295   	
5.430160	1.57282   	62.318122	14.7567   	
5.429225	1.57188   	62.165770	14.7839   	
5.428236	1.57093   	62.013534	14.811    	
5.427192	1.56999   	61.861414	14.8382   	
5.426093	1.56905   	61.709409	14.8653   	
5.424939	1.5681    	61.557518	14.8924   	
5.423731	1.56716   	61.405741	14.9195   	
5.422468	1.56622   	61.254078	14.9466   	
5.421150	1.56528   	61.102527	14.9737   	
5.419778	1.56434   	60.951090	15.0008   	
5.418350	1.5634    	60.799764	15.0278   	
5.416867	1.56246   	60.648550	15.0549   	
5.415330	1.56152   	60.497448	15.0819   	
5.413737	1.56058   	60.346456	15.1089   	
5.412090	1.55964   	60.195574	15.1359   	
5.410387	1.5587    	60.044803	15.1628   	
5.408629	1.55777   	59.894140	15.1898   	
5.406816	1.55683   	59.743587	15.2167   	
5.404948	1.55589   	59.593142	15.2436   	
5.403024	1.55496   	59.442805	15.2705   	
5.401046	1.55402   	59.292576	15.2974   	
5.399012	1.55309   	59.142454	15.3243   	
5.396923	1.55216   	58.992439	15.3511   	
5.394778	1.55122   	58.842530	15.378    	
5.392578	1.55029   	58.692726	15.4048   	
5.390323	1.54936   	58.543028	15.4316   	
5.388012	1.54843   	58.393436	15.4583   	
5.385646	1.5475    	58.243947	15.4851   	
5.383225	1.54657   	58.094563	15.5118   	
5.380747	1.54564   	57.945282	15.5385   	
5.378215	1.54471   	57.796105	15.5652   	
5.375627	1.54379   	57.647030	15.5919   	
5.372983	1.54286   	57.498058	15.6185   	
5.370284	1.54193   	57.349188	15.6451   	
5.367529	1.54101   	57.200419	15.6718   	
5.364718	1.54009   	57.051751	15.6983   	
5.361852	1.53916   	56.903184	15.7249   	
5.358931	1.53824   	56.754717	15.7514   	
5.355953	1.53732   	56.606350	15.778    	
5.352920	1.5364    	56.458083	15.8045   	
5.349831	1.53548   	56.309915	15.8309   	
5.346686	1.53456   	56.161845	15.8574   	
5.343486	1.53364   	56.013873	15.8838   	
5.340230	1.53272   	55.865999	15.9102   	
5.336918	1.5318    	55.718222	15.9366   	
5.333550	1.53089   	55.570543	15.9629   	
5.330126	1.52997   	55.422960	15.9893   	
5.326647	1.52906   	55.275473	16.0156   	
5.323111	1.52814   	55.128082	16.0418   	
5.319520	1.52723   	54.980786	16.0681   	
5.315873	1.52632   	54.833585	16.0943   	
5.312170	1.52541   	54.686479	16.1205   	
5.308411	1.5245    	54.539467	16.1467   	
5.304596	1.52359   	54.392548	16.1728   	
5.300726	1.52268   	54.245723	16.199    	
5.296799	1.52177   	54.098991	16.2251   	
5.292817	1.52087   	53.952352	16.2511   	
5.288778	1.51996   	53.805805	16.2772   	
5.284684	1.51906   	53.659349	16.3032   	
5.280533	1.51815   	53.512985	16.3292   	
5.276327	1.51725   	53.366712	16.3551   	
5.272064	1.51635   	53.220530	16.381    	
5.267746	1.51545   	53.074438	16.4069   	
5.263372	1.51455   	52.928436	16.4328   	
5.258941	1.51365   	52.782523	16.4587   	
5.254455	1.51276   	52.636699	16.4845   	
5.249913	1.51186   	52.490964	16.5103   	
5.245314	1.51096   	52.345318	16.536    	
5.240660	1.51007   	52.199760	16.5617   	
5.235950	1.50918   	52.054289	16.5874   	
5.231184	1.50828   	51.908905	16.6131   	
5.226361	1.50739   	51.763608	16.6387   	
5.221483	1.5065    	51.618398	16.6643   	
5.216549	1.50561   	51.473274	16.6899   	
5.211558	1.50473   	51.328236	16.7154   	
5.206512	1.50384   	51.183283	16.7409   	
5.201410	1.50295   	51.038415	16.7664   	
5.196252	1.50207   	50.893632	16.7918   	
5.191038	1.50119   	50.748934	16.8172   	
5.185768	1.50031   	50.604319	16.8426   	
5.180442	1.49942   	50.459788	16.8679   	
5.175060	1.49854   	50.315340	16.8932   	
5.169622	1.49767   	50.170975	16.9185   	
5.164128	1.49679   	50.026692	16.9437   	
5.158578	1.49591   	49.882492	16.9689   	
5.152972	1.49504   	49.738374	16.9941   	
5.147311	1.49416   	49.594337	17.0192   	
5.141593	1.49329   	49.450381	17.0443   	
5.135820	1.49242   	49.306506	17.0694   	
5.129991	1.49155   	49.162711	17.0944   	
5.124106	1.49068   	49.018997	17.1194   	
5.118165	1.48981   	48.875362	17.1444   	
5.112168	1.48895   	48.731807	17.1693   	
5.106116	1.48808   	48.588330	17.1942   	
5.100008	1.48722   	48.444933	17.219    	
5.093844	1.48636   	48.301614	17.2438   	
5.087624	1.48549   	48.158372	17.2686   	
5.081349	1.48463   	48.015209	17.2933   	
5.075018	1.48378   	47.872123	17.318    	
5.068631	1.48292   	47.729114	17.3427   	
5.062188	1.48206   	47.586182	17.3673   	
5.055690	1.48121   	47.443326	17.3919   	
5.049137	1.48035   	47.300546	17.4164   	
5.042527	1.4795    	47.157842	17.441    	
5.035862	1.47865   	47.015213	17.4654   	
5.029142	1.4778    	46.872659	17.4898   	
5.022366	1.47696   	46.730180	17.5142   	
5.015535	1.47611   	46.587775	17.5386   	
5.008648	1.47526   	46.445445	17.5629   	
5.001706	1.47442   	46.303188	17.5871   	
4.994708	1.47358   	46.161004	17.6114   	
4.987655	1.47274   	46.018894	17.6356   	
4.980547	1.4719    	45.876856	17.6597   	
4.973383	1.47106   	45.734891	17.6838   	
4.966164	1.47022   	45.592998	17.7079   	
4.958890	1.46939   	45.451177	17.7319   	
4.951560	1.46856   	45.309428	17.7559   	
4.944176	1.46772   	45.167749	17.7798   	
4.936736	1.46689   	45.026142	17.8037   	
4.929241	1.46606   	44.884605	17.8275   	
4.921691	1.46524   	44.743138	17.8513   	
4.914086	1.46441   	44.601741	17.8751   	
4.906426	1.46359   	44.460414	17.8988   	
4.898712	1.46276   	44.319156	17.9225   	
4.890942	1.46194   	44.177967	17.9461   	
4.883117	1.46112   	44.036847	17.9697   	
4.875238	1.4603    	43.895795	17.9933   	
4.867303	1.45949   	43.754812	18.0168   	
4.859314	1.45867   	43.613896	18.0402   	
4.851271	1.45786   	43.473047	18.0636   	
4.843172	1.45704   	43.332266	18.087    	
4.835019	1.45623   	43.191552	18.1103   	
4.826812	1.45542   	43.050904	18.1336   	
4.818550	1.45462   	42.910323	18.1568   	
4.810233	1.45381   	42.769807	18.18     	
4.801862	1.45301   	42.629358	18.2031   	
4.793437	1.4522    	42.488973	18.2262   	
4.784957	1.4514    	42.348654	18.2492   	
4.776423	1.4506    	42.208400	18.2722   	
4.767835	1.44981   	42.068210	18.2952   	
4.759193	1.44901   	41.928084	18.3181   	
4.750497	1.44822   	41.788022	18.3409   	
4.741746	1.44742   	41.648024	18.3637   	
4.732942	1.44663   	41.508090	18.3865   	
4.724083	1.44584   	41.368218	18.4092   	
4.715171	1.44506   	41.228409	18.4318   	
4.706205	1.44427   	41.088662	18.4544   	
4.697185	1.44348   	40.948978	18.477    	
4.688111	1.4427    	40.809356	18.4995   	
4.678984	1.44192   	40.669795	18.522    	
4.669803	1.44114   	40.530296	18.5444   	
4.660568	1.44037   	40.390858	18.5667   	
4.651281	1.43959   	40.251480	18.589    	
4.641939	1.43882   	40.112163	18.6113   	
4.632545	1.43804   	39.972907	18.6335   	
4.623097	1.43727   	39.833710	18.6556   	
4.613595	1.43651   	39.694573	18.6777   	
4.604041	1.43574   	39.555495	18.6998   	
4.594434	1.43497   	39.416477	18.7218   	
4.584773	1.43421   	39.277517	18.7438   	
4.575060	1.43345   	39.138616	18.7656   	
4.565294	1.43269   	38.999773	18.7875   	
4.555475	1.43193   	38.860988	18.8093   	
4.545603	1.43118   	38.722261	18.831    	
4.535679	1.43042   	38.583591	18.8527   	
4.525702	1.42967   	38.444979	18.8743   	
4.515672	1.42892   	38.306424	18.8959   	
4.505590	1.42817   	38.167925	18.9175   	
4.495456	1.42743   	38.029483	18.9389   	
4.485269	1.42668   	37.891096	18.9603   	
4.475030	1.42594   	37.752766	18.9817   	
4.464739	1.4252    	37.614491	19.003    	
4.454396	1.42446   	37.476272	19.0243   	
4.444002	1.42372   	37.338108	19.0455   	
4.433555	1.42299   	37.199998	19.0666   	
4.423056	1.42225   	37.061943	19.0877   	
4.412506	1.42152   	36.923943	19.1088   	
4.401904	1.42079   	36.785996	19.1297   	
4.391250	1.42006   	36.648104	19.1507   	
4.380545	1.41934   	36.510264	19.1715   	
4.369788	1.41862   	36.372478	19.1923   	
4.358981	1.41789   	36.234745	19.2131   	
4.348122	1.41717   	36.097065	19.2338   	
4.337212	1.41646   	35.959437	19.2544   	
4.326251	1.41574   	35.821862	19.275    	
4.315238	1.41503   	35.684339	19.2955   	
4.304176	1.41432   	35.546867	19.316    	
4.293062	1.41361   	35.409446	19.3364   	
4.281897	1.4129    	35.272077	19.3568   	
4.270683	1.41219   	35.134759	19.3771   	
4.259417	1.41149   	34.997492	19.3973   	
4.248101	1.41079   	34.860275	19.4175   	
4.236735	1.41009   	34.723109	19.4376   	
4.225319	1.40939   	34.585992	19.4577   	
4.213853	1.4087    	34.448925	19.4777   	
4.202336	1.408     	34.311908	19.4976   	
4.190770	1.40731   	34.174939	19.5175   	
4.179154	1.40662   	34.038020	19.5373   	
4.167488	1.40593   	33.901150	19.5571   	
4.155773	1.40525   	33.764328	19.5768   	
4.144008	1.40457   	33.627554	19.5964   	
4.132193	1.40389   	33.490828	19.616    	
4.120330	1.40321   	33.354150	19.6355   	
4.108417	1.40253   	33.217520	19.655    	
4.096455	1.40186   	33.080937	19.6744   	
4.084445	1.40118   	32.944401	19.6937   	
4.072385	1.40051   	32.807912	19.713    	
4.060277	1.39985   	32.671469	19.7322   	
4.048120	1.39918   	32.535073	19.7514   	
4.035914	1.39852   	32.398723	19.7705   	
4.023660	1.39785   	32.262419	19.7895   	
4.011358	1.39719   	32.126160	19.8085   	
3.999008	1.39654   	31.989947	19.8274   	
3.986609	1.39588   	31.853778	19.8462   	
3.974163	1.39523   	31.717655	19.865    	
3.961668	1.39458   	31.581577	19.8837   	
3.949126	1.39393   	31.445543	19.9024   	
3.936537	1.39328   	31.309553	19.921    	
3.923900	1.39264   	31.173607	19.9395   	
3.911215	1.392     	31.037705	19.958    	
3.898483	1.39136   	30.901847	19.9764   	
3.885704	1.39072   	30.766031	19.9947   	
3.872879	1.39009   	30.630259	20.013    	
3.860006	1.38945   	30.494530	20.0312   	
3.847086	1.38882   	30.358843	20.0493   	
3.834120	1.38819   	30.223199	20.0674   	
3.821107	1.38757   	30.087597	20.0854   	
3.808048	1.38694   	29.952037	20.1033   	
3.794943	1.38632   	29.816518	20.1212   	
3.781792	1.3857    	29.681041	20.139    	
3.768594	1.38509   	29.545605	20.1568   	
3.755351	1.38447   	29.410211	20.1745   	
3.742062	1.38386   	29.274857	20.1921   	
3.728727	1.38325   	29.139544	20.2096   	
3.715347	1.38264   	29.004271	20.2271   	
3.701921	1.38204   	28.869038	20.2445   	
3.688451	1.38143   	28.733845	20.2619   	
3.674935	1.38083   	28.598692	20.2792   	
3.661374	1.38023   	28.463578	20.2964   	
3.647769	1.37964   	28.328504	20.3135   	
3.634118	1.37904   	28.193469	20.3306   	
3.620424	1.37845   	28.058472	20.3476   	
3.606684	1.37786   	27.923515	20.3646   	
3.592901	1.37728   	27.788595	20.3814   	
3.579074	1.37669   	27.653714	20.3983   	
3.565202	1.37611   	27.518870	20.415    	
3.551287	1.37553   	27.384065	20.4317   	
3.537328	1.37495   	27.249297	20.4483   	
3.523325	1.37438   	27.114566	20.4648   	
3.509280	1.37381   	26.979873	20.4813   	
3.495190	1.37324   	26.845216	20.4977   	
3.481058	1.37267   	26.710596	20.514    	
3.466883	1.3721    	26.576012	20.5302   	
3.452665	1.37154   	26.441465	20.5464   	
3.438404	1.37098   	26.306954	20.5626   	
3.424101	1.37042   	26.172478	20.5786   	
3.409756	1.36987   	26.038038	20.5946   	
3.395368	1.36931   	25.903634	20.6105   	
3.380938	1.36876   	25.769265	20.6263   	
3.366467	1.36821   	25.634930	20.6421   	
3.351953	1.36767   	25.500631	20.6578   	
3.337398	1.36713   	25.366366	20.6734   	
3.322802	1.36658   	25.232136	20.689    	
3.308164	1.36605   	25.097939	20.7044   	
3.293485	1.36551   	24.963777	20.7199   	
3.278765	1.36498   	24.829648	20.7352   	
3.264005	1.36445   	24.695553	20.7505   	
3.249204	1.36392   	24.561491	20.7657   	
3.234362	1.36339   	24.427463	20.7808   	
3.219480	1.36287   	24.293467	20.7958   	
3.204558	1.36235   	24.159504	20.8108   	
3.189595	1.36183   	24.025574	20.8257   	
3.174593	1.36131   	23.891675	20.8405   	
3.159552	1.3608    	23.757809	20.8553   	
3.144471	1.36029   	23.623975	20.87     	
3.129350	1.35978   	23.490173	20.8846   	
3.114190	1.35928   	23.356402	20.8992   	
3.098992	1.35877   	23.222662	20.9136   	
3.083754	1.35827   	23.088954	20.928    	
3.068478	1.35778   	22.955276	20.9423   	
3.053163	1.35728   	22.821629	20.9566   	
3.037810	1.35679   	22.688013	20.9708   	
3.022419	1.3563    	22.554427	20.9849   	
3.006990	1.35581   	22.420871	20.9989   	
2.991523	1.35533   	22.287345	21.0128   	
2.976018	1.35484   	22.153849	21.0267   	
2.960476	1.35436   	22.020382	21.0405   	
2.944897	1.35389   	21.886944	21.0542   	
2.929281	1.35341   	21.753536	21.0679   	
2.913627	1.35294   	21.620156	21.0815   	
2.897937	1.35247   	21.486806	21.095    	
2.882211	1.352     	21.353483	21.1084   	
2.866448	1.35154   	21.220190	21.1218   	
2.850648	1.35108   	21.086924	21.135    	
2.834813	1.35062   	20.953686	21.1482   	
2.818942	1.35016   	20.820476	21.1614   	
2.803035	1.34971   	20.687294	21.1744   	
2.787093	1.34926   	20.554139	21.1874   	
2.771115	1.34881   	20.421011	21.2003   	
2.755103	1.34836   	20.287910	21.2131   	
2.739055	1.34792   	20.154836	21.2258   	
2.722973	1.34748   	20.021788	21.2385   	
2.706856	1.34704   	19.888767	21.2511   	
2.690704	1.34661   	19.755772	21.2636   	
2.674519	1.34617   	19.622803	21.2761   	
2.658300	1.34574   	19.489860	21.2884   	
2.642046	1.34532   	19.356943	21.3007   	
2.625759	1.34489   	19.224051	21.3129   	
2.609439	1.34447   	19.091185	21.325    	
2.593086	1.34405   	18.958343	21.3371   	
2.576699	1.34364   	18.825526	21.3491   	
2.560280	1.34322   	18.692735	21.3609   	
2.543828	1.34281   	18.559967	21.3728   	
2.527343	1.3424    	18.427224	21.3845   	
2.510827	1.342     	18.294505	21.3962   	
2.494278	1.3416    	18.161810	21.4078   	
2.477697	1.3412    	18.029139	21.4193   	
2.461085	1.3408    	17.896491	21.4307   	
2.444441	1.3404    	17.763867	21.442    	
2.427766	1.34001   	17.631266	21.4533   	
2.411060	1.33962   	17.498688	21.4645   	
2.394323	1.33924   	17.366133	21.4756   	
2.377555	1.33885   	17.233600	21.4866   	
2.360757	1.33847   	17.101090	21.4976   	
2.343929	1.33809   	16.968603	21.5085   	
2.327070	1.33772   	16.836137	21.5193   	
2.310182	1.33735   	16.703693	21.53     	
2.293264	1.33698   	16.571271	21.5406   	
2.276317	1.33661   	16.438871	21.5512   	
2.259340	1.33625   	16.306492	21.5616   	
2.242334	1.33588   	16.174134	21.572    	
2.225300	1.33553   	16.041797	21.5824   	
2.208237	1.33517   	15.909481	21.5926   	
2.191145	1.33482   	15.777186	21.6027   	
2.174025	1.33447   	15.644911	21.6128   	
2.156878	1.33412   	15.512657	21.6228   	
2.139702	1.33377   	15.380422	21.6327   	
2.122499	1.33343   	15.248207	21.6426   	
2.105269	1.33309   	15.116013	21.6523   	
2.088011	1.33276   	14.983837	21.662    	
2.070726	1.33242   	14.851681	21.6716   	
2.053415	1.33209   	14.719545	21.6811   	
2.036077	1.33177   	14.587427	21.6905   	
2.018713	1.33144   	14.455328	21.6999   	
2.001323	1.33112   	14.323248	21.7091   	
1.983907	1.3308    	14.191187	21.7183   	
1.966465	1.33048   	14.059143	21.7274   	
1.948998	1.33017   	13.927118	21.7365   	
1.931506	1.32986   	13.795111	21.7454   	
1.913988	1.32955   	13.663121	21.7543   	
1.896446	1.32924   	13.531149	21.763    	
1.878879	1.32894   	13.399195	21.7717   	
1.861288	1.32864   	13.267258	21.7804   	
1.843673	1.32835   	13.135337	21.7889   	
1.826034	1.32805   	13.003434	21.7973   	
1.808371	1.32776   	12.871548	21.8057   	
1.790685	1.32747   	12.739678	21.814    	
1.772975	1.32719   	12.607824	21.8222   	
1.755243	1.32691   	12.475987	21.8303   	
1.737487	1.32663   	12.344165	21.8384   	
1.719709	1.32635   	12.212360	21.8463   	
1.701909	1.32608   	12.080570	21.8542   	
1.684087	1.3258    	11.948795	21.862    	
1.666242	1.32554   	11.817036	21.8697   	
1.648376	1.32527   	11.685292	21.8773   	
1.630489	1.32501   	11.553563	21.8849   	
1.612580	1.32475   	11.421849	21.8923   	
1.594650	1.32449   	11.290149	21.8997   	
1.576700	1.32424   	11.158464	21.907    	
1.558729	1.32399   	11.026793	21.9142   	
1.540738	1.32374   	10.895137	21.9213   	
1.522726	1.3235    	10.763494	21.9284   	
1.504695	1.32325   	10.631865	21.9353   	
1.486644	1.32302   	10.500249	21.9422   	
1.468574	1.32278   	10.368647	21.949    	
1.450485	1.32255   	10.237058	21.9557   	
1.432376	1.32232   	10.105482	21.9623   	
1.414249	1.32209   	9.973920	21.9689   	
1.396104	1.32186   	9.842369	21.9753   	
1.377940	1.32164   	9.710832	21.9817   	
1.359758	1.32142   	9.579307	21.988    	
1.341559	1.32121   	9.447793	21.9942   	
1.323341	1.321     	9.316293	22.0003   	
1.305107	1.32079   	9.184803	22.0063   	
1.286856	1.32058   	9.053326	22.0123   	
1.268587	1.32037   	8.921860	22.0182   	
1.250302	1.32017   	8.790406	22.0239   	
1.232001	1.31998   	8.658962	22.0296   	
1.213684	1.31978   	8.527530	22.0353   	
1.195350	1.31959   	8.396108	22.0408   	
1.177001	1.3194    	8.264697	22.0462   	
1.158637	1.31921   	8.133297	22.0516   	
1.140257	1.31903   	8.001907	22.0569   	
1.121863	1.31885   	7.870527	22.0621   	
1.103454	1.31867   	7.739158	22.0672   	
1.085030	1.3185    	7.607798	22.0722   	
1.066592	1.31832   	7.476447	22.0771   	
1.048140	1.31816   	7.345106	22.082    	
1.029675	1.31799   	7.213775	22.0868   	
1.011195	1.31783   	7.082452	22.0914   	
0.992703	1.31767   	6.951139	22.096    	
0.974197	1.31751   	6.819835	22.1005   	
0.955679	1.31736   	6.688539	22.105    	
0.937148	1.31721   	6.557251	22.1093   	
0.918605	1.31706   	6.425972	22.1136   	
0.900050	1.31691   	6.294701	22.1177   	
0.881483	1.31677   	6.163438	22.1218   	
0.862904	1.31663   	6.032183	22.1258   	
0.844315	1.3165    	5.900935	22.1297   	
0.825713	1.31636   	5.769695	22.1336   	
0.807102	1.31623   	5.638462	22.1373   	
0.788479	1.31611   	5.507237	22.141    	
0.769846	1.31598   	5.376018	22.1445   	
0.751203	1.31586   	5.244806	22.148    	
0.732550	1.31574   	5.113601	22.1514   	
0.713888	1.31563   	4.982402	22.1547   	
0.695216	1.31551   	4.851210	22.158    	
0.676535	1.3154    	4.720023	22.1611   	
0.657845	1.3153    	4.588843	22.1642   	
0.639146	1.3152    	4.457669	22.1671   	
0.620439	1.31509   	4.326500	22.17     	
0.601724	1.315     	4.195336	22.1728   	
0.583001	1.3149    	4.064178	22.1756   	
0.564270	1.31481   	3.933025	22.1782   	
0.545532	1.31472   	3.801877	22.1807   	
0.526786	1.31464   	3.670734	22.1832   	
0.508034	1.31456   	3.539595	22.1856   	
0.489275	1.31448   	3.408461	22.1878   	
0.470509	1.3144    	3.277331	22.19     	
0.451738	1.31433   	3.146206	22.1922   	
0.432960	1.31426   	3.015084	22.1942   	
0.414177	1.31419   	2.883966	22.1961   	
0.395388	1.31412   	2.752852	22.198    	
0.376594	1.31406   	2.621741	22.1997   	
0.357795	1.314     	2.490633	22.2014   	
0.338991	1.31395   	2.359529	22.203    	
0.320183	1.3139    	2.228428	22.2045   	
0.301370	1.31385   	2.097329	22.206    	
0.282554	1.3138    	1.966233	22.2073   	
0.263734	1.31376   	1.835140	22.2085   	
0.244910	1.31372   	1.704049	22.2097   	
0.226083	1.31368   	1.572960	22.2108   	
0.207254	1.31364   	1.441873	22.2118   	
0.188421	1.31361   	1.310788	22.2127   	
0.169586	1.31358   	1.179704	22.2135   	
0.150749	1.31356   	1.048622	22.2142   	
0.131910	1.31354   	0.917542	22.2149   	
0.113069	1.31352   	0.786462	22.2154   	
0.094226	1.3135    	0.655384	22.2159   	
0.075382	1.31349   	0.524306	22.2163   	
0.056538	1.31348   	0.393229	22.2166   	
0.037692	1.31347   	0.262152	22.2168   	
0.018846	1.31346   	0.131076	22.217    	
0.000000	1.31346   	0.000000	22.217    	
