0.000000	8.6547e-10	180       
0.090000	0.00778922	179.857   
0.180000	0.0155784 	179.714   
0.270000	0.0233676 	179.572   
0.360000	0.0311568 	179.429   
0.450000	0.0389458 	179.286   
0.540000	0.0467349 	179.143   
0.630000	0.0545237 	179       
0.720000	0.0623126 	178.858   
0.810000	0.0701013 	178.715   
0.900000	0.0778899 	178.572   
0.990000	0.0856782 	178.429   
1.080000	0.0934666 	178.286   
1.170000	0.101255  	178.144   
1.260000	0.109043  	178.001   
1.350000	0.11683   	177.858   
1.440000	0.124618  	177.715   
1.530000	0.132405  	177.573   
1.620000	0.140192  	177.43    
1.710000	0.147979  	177.287   
1.800000	0.155765  	177.144   
1.890000	0.163551  	177.002   
1.980000	0.171337  	176.859   
2.070000	0.179123  	176.716   
2.160000	0.186908  	176.574   
2.250000	0.194693  	176.431   
2.340000	0.202478  	176.288   
2.430000	0.210261  	176.146   
2.520000	0.218045  	176.003   
2.610000	0.225829  	175.86    
2.700000	0.233612  	175.718   
2.790000	0.241394  	175.575   
2.880000	0.249176  	175.432   
2.970000	0.256958  	175.29    
3.060000	0.264739  	175.147   
3.150000	0.272519  	175.005   
3.240000	0.2803    	174.862   
3.330000	0.288079  	174.72    
3.420000	0.295858  	174.577   
3.510000	0.303636  	174.435   
3.600000	0.311415  	174.292   
3.690000	0.319192  	174.15    
3.780000	0.326969  	174.007   
3.870000	0.334744  	173.865   
3.960000	0.34252   	173.723   
4.050000	0.350295  	173.58    
4.140000	0.358069  	173.438   
4.230000	0.365842  	173.295   
4.320000	0.373616  	173.153   
4.410000	0.381388  	173.011   
4.500000	0.389159  	172.869   
4.590000	0.39693   	172.726   
4.680000	0.4047    	172.584   
4.770000	0.412469  	172.442   
4.860000	0.420238  	172.3     
4.950000	0.428005  	172.158   
5.040000	0.435772  	172.015   
5.130000	0.443538  	171.873   
5.220000	0.451304  	171.731   
5.310000	0.459068  	171.589   
5.400000	0.466832  	171.447   
5.490000	0.474594  	171.305   
5.580000	0.482356  	171.163   
5.670000	0.490117  	171.021   
5.760000	0.497877  	170.879   
5.850000	0.505636  	170.737   
5.940000	0.513394  	170.596   
6.030000	0.521151  	170.454   
6.120000	0.528907  	170.312   
6.210000	0.536662  	170.17    
6.300000	0.544417  	170.028   
6.390000	0.552169  	169.887   
6.480000	0.559922  	169.745   
6.570000	0.567673  	169.603   
6.660000	0.575423  	169.462   
6.750000	0.583172  	169.32    
6.840000	0.59092   	169.179   
6.930000	0.598666  	169.037   
7.020000	0.606413  	168.896   
7.110000	0.614157  	168.754   
7.200000	0.621901  	168.613   
7.290000	0.629642  	168.471   
7.380000	0.637384  	168.33    
7.470000	0.645123  	168.189   
7.560000	0.652862  	168.047   
7.650000	0.660599  	167.906   
7.740000	0.668336  	167.765   
7.830000	0.67607   	167.624   
7.920000	0.683805  	167.483   
8.010000	0.691536  	167.341   
8.100000	0.699268  	167.2     
8.190000	0.706997  	167.059   
8.280000	0.714726  	166.918   
8.370000	0.722453  	166.777   
8.460000	0.730179  	166.637   
8.550000	0.737903  	166.496   
8.640000	0.745627  	166.355   
8.730000	0.753348  	166.214   
8.820000	0.761069  	166.073   
8.910000	0.768787  	165.933   
9.000000	0.776505  	165.792   
9.090000	0.78422   	165.651   
9.180000	0.791936  	165.511   
9.270000	0.799648  	165.37    
9.360000	0.80736   	165.23    
9.450000	0.81507   	165.089   
9.540000	0.822779  	164.949   
9.630000	0.830485  	164.809   
9.720000	0.838191  	164.668   
9.810000	0.845894  	164.528   
9.900000	0.853597  	164.388   
9.990000	0.861297  	164.248   
10.080000	0.868997  	164.108   
10.170000	0.876694  	163.968   
10.260000	0.88439   	163.827   
10.350000	0.892084  	163.688   
10.440000	0.899777  	163.548   
10.530000	0.907467  	163.408   
10.620000	0.915157  	163.268   
10.710000	0.922843  	163.128   
10.800000	0.93053   	162.988   
10.890000	0.938213  	162.849   
10.980000	0.945896  	162.709   
11.070000	0.953575  	162.569   
11.160000	0.961255  	162.43    
11.250000	0.968931  	162.29    
11.340000	0.976607  	162.151   
11.430000	0.984279  	162.012   
11.520000	0.991951  	161.872   
11.610000	0.99962   	161.733   
11.700000	1.00729   	161.594   
11.790000	1.01495   	161.455   
11.880000	1.02262   	161.316   
11.970000	1.03028   	161.176   
12.060000	1.03794   	161.037   
12.150000	1.0456    	160.899   
12.240000	1.05325   	160.76    
12.330000	1.06091   	160.621   
12.420000	1.06856   	160.482   
12.510000	1.07621   	160.343   
12.600000	1.08386   	160.205   
12.690000	1.0915    	160.066   
12.780000	1.09915   	159.927   
12.870000	1.10679   	159.789   
12.960000	1.11443   	159.65    
13.050000	1.12207   	159.512   
13.140000	1.1297    	159.374   
13.230000	1.13734   	159.236   
13.320000	1.14497   	159.097   
13.410000	1.1526    	158.959   
13.500000	1.16022   	158.821   
13.590000	1.16785   	158.683   
13.680000	1.17547   	158.545   
13.770000	1.18309   	158.407   
13.860000	1.19071   	158.269   
13.950000	1.19833   	158.132   
14.040000	1.20594   	157.994   
14.130000	1.21355   	157.856   
14.220000	1.22116   	157.719   
14.310000	1.22877   	157.581   
14.400000	1.23637   	157.444   
14.490000	1.24398   	157.306   
14.580000	1.25158   	157.169   
14.670000	1.25917   	157.032   
14.760000	1.26677   	156.894   
14.850000	1.27436   	156.757   
14.940000	1.28195   	156.62    
15.030000	1.28954   	156.483   
15.120000	1.29713   	156.346   
15.210000	1.30471   	156.209   
15.300000	1.31229   	156.072   
15.390000	1.31987   	155.936   
15.480000	1.32745   	155.799   
15.570000	1.33502   	155.662   
15.660000	1.34259   	155.526   
15.750000	1.35016   	155.389   
15.840000	1.35772   	155.253   
15.930000	1.36529   	155.117   
16.020000	1.37285   	154.98    
16.110000	1.38041   	154.844   
16.200000	1.38796   	154.708   
16.290000	1.39551   	154.572   
16.380000	1.40307   	154.436   
16.470000	1.41061   	154.3     
16.560000	1.41816   	154.164   
16.650000	1.4257    	154.028   
16.740000	1.43324   	153.892   
16.830000	1.44078   	153.757   
16.920000	1.44831   	153.621   
17.010000	1.45584   	153.486   
17.100000	1.46337   	153.35    
17.190000	1.4709    	153.215   
17.280000	1.47842   	153.079   
17.370000	1.48594   	152.944   
17.460000	1.49346   	152.809   
17.550000	1.50097   	152.674   
17.640000	1.50849   	152.539   
17.730000	1.51599   	152.404   
17.820000	1.5235    	152.269   
17.910000	1.531     	152.134   
18.000000	1.53851   	152       
18.090000	1.546     	151.865   
18.180000	1.5535    	151.73    
18.270000	1.56099   	151.596   
18.360000	1.56848   	151.461   
18.450000	1.57596   	151.327   
18.540000	1.58345   	151.193   
18.630000	1.59093   	151.059   
18.720000	1.59841   	150.924   
18.810000	1.60588   	150.79    
18.900000	1.61335   	150.656   
18.990000	1.62082   	150.523   
19.080000	1.62828   	150.389   
19.170000	1.63574   	150.255   
19.260000	1.6432    	150.121   
19.350000	1.65066   	149.988   
19.440000	1.65811   	149.854   
19.530000	1.66556   	149.721   
19.620000	1.67301   	149.587   
19.710000	1.68045   	149.454   
19.800000	1.68789   	149.321   
19.890000	1.69533   	149.188   
19.980000	1.70276   	149.055   
20.070000	1.71019   	148.922   
20.160000	1.71762   	148.789   
20.250000	1.72504   	148.656   
20.340000	1.73246   	148.523   
20.430000	1.73988   	148.391   
20.520000	1.74729   	148.258   
20.610000	1.7547    	148.126   
20.700000	1.76211   	147.993   
20.790000	1.76952   	147.861   
20.880000	1.77692   	147.728   
20.970000	1.78431   	147.596   
21.060000	1.79171   	147.464   
21.150000	1.7991    	147.332   
21.240000	1.80649   	147.2     
21.330000	1.81387   	147.068   
21.420000	1.82125   	146.937   
21.510000	1.82863   	146.805   
21.600000	1.836     	146.673   
21.690000	1.84337   	146.542   
21.780000	1.85074   	146.41    
21.870000	1.8581    	146.279   
21.960000	1.86546   	146.148   
22.050000	1.87281   	146.017   
22.140000	1.88017   	145.885   
22.230000	1.88751   	145.754   
22.320000	1.89486   	145.623   
22.410000	1.9022    	145.493   
22.500000	1.90954   	145.362   
22.590000	1.91687   	145.231   
22.680000	1.92421   	145.101   
22.770000	1.93153   	144.97    
22.860000	1.93886   	144.84    
22.950000	1.94617   	144.709   
23.040000	1.95349   	144.579   
23.130000	1.9608    	144.449   
23.220000	1.96811   	144.319   
23.310000	1.97542   	144.189   
23.400000	1.98272   	144.059   
23.490000	1.99002   	143.929   
23.580000	1.99731   	143.799   
23.670000	2.0046    	143.669   
23.760000	2.01189   	143.54    
23.850000	2.01917   	143.41    
23.940000	2.02645   	143.281   
24.030000	2.03372   	143.152   
24.120000	2.04099   	143.022   
24.210000	2.04826   	142.893   
24.300000	2.05552   	142.764   
24.390000	2.06278   	142.635   
24.480000	2.07004   	142.506   
24.570000	2.07728   	142.377   
24.660000	2.08453   	142.249   
24.750000	2.09177   	142.12    
24.840000	2.09902   	141.991   
24.930000	2.10625   	141.863   
25.020000	2.11348   	141.735   
25.110000	2.12071   	141.606   
25.200000	2.12793   	141.478   
25.290000	2.13515   	141.35    
25.380000	2.14237   	141.222   
25.470000	2.14958   	141.094   
25.560000	2.15678   	140.966   
25.650000	2.16398   	140.838   
25.740000	2.17119   	140.711   
25.830000	2.17838   	140.583   
25.920000	2.18557   	140.455   
26.010000	2.19275   	140.328   
26.100000	2.19994   	140.201   
26.190000	2.20711   	140.074   
26.280000	2.21429   	139.946   
26.370000	2.22146   	139.819   
26.460000	2.22862   	139.692   
26.550000	2.23578   	139.565   
26.640000	2.24294   	139.439   
26.730000	2.25009   	139.312   
26.820000	2.25724   	139.185   
26.910000	2.26438   	139.059   
27.000000	2.27152   	138.932   
27.090000	2.27866   	138.806   
27.180000	2.28579   	138.68    
27.270000	2.29291   	138.554   
27.360000	2.30004   	138.427   
27.450000	2.30715   	138.302   
27.540000	2.31427   	138.176   
27.630000	2.32137   	138.05    
27.720000	2.32848   	137.924   
27.810000	2.33558   	137.798   
27.900000	2.34267   	137.673   
27.990000	2.34976   	137.547   
28.080000	2.35685   	137.422   
28.170000	2.36393   	137.297   
28.260000	2.37101   	137.172   
28.350000	2.37808   	137.047   
28.440000	2.38515   	136.921   
28.530000	2.39221   	136.797   
28.620000	2.39927   	136.672   
28.710000	2.40633   	136.547   
28.800000	2.41338   	136.422   
28.890000	2.42042   	136.298   
28.980000	2.42746   	136.173   
29.070000	2.4345    	136.049   
29.160000	2.44153   	135.925   
29.250000	2.44855   	135.801   
29.340000	2.45558   	135.676   
29.430000	2.46259   	135.552   
29.520000	2.46961   	135.429   
29.610000	2.47661   	135.305   
29.700000	2.48362   	135.181   
29.790000	2.49061   	135.057   
29.880000	2.49761   	134.934   
29.970000	2.50459   	134.81    
30.060000	2.51158   	134.687   
30.150000	2.51856   	134.564   
30.240000	2.52553   	134.441   
30.330000	2.5325    	134.317   
30.420000	2.53947   	134.194   
30.510000	2.54642   	134.072   
30.600000	2.55338   	133.949   
30.690000	2.56033   	133.826   
30.780000	2.56727   	133.703   
30.870000	2.57421   	133.581   
30.960000	2.58115   	133.458   
31.050000	2.58808   	133.336   
31.140000	2.595     	133.214   
31.230000	2.60192   	133.092   
31.320000	2.60884   	132.969   
31.410000	2.61574   	132.848   
31.500000	2.62265   	132.726   
31.590000	2.62955   	132.604   
31.680000	2.63644   	132.482   
31.770000	2.64333   	132.36    
31.860000	2.65022   	132.239   
31.950000	2.65709   	132.117   
32.040000	2.66397   	131.996   
32.130000	2.67084   	131.875   
32.220000	2.6777    	131.754   
32.310000	2.68456   	131.633   
32.400000	2.69142   	131.512   
32.490000	2.69826   	131.391   
32.580000	2.70511   	131.27    
32.670000	2.71194   	131.149   
32.760000	2.71878   	131.029   
32.850000	2.7256    	130.908   
32.940000	2.73243   	130.788   
33.030000	2.73924   	130.667   
33.120000	2.74605   	130.547   
33.210000	2.75286   	130.427   
33.300000	2.75966   	130.307   
33.390000	2.76645   	130.187   
33.480000	2.77325   	130.067   
33.570000	2.78003   	129.947   
33.660000	2.78681   	129.828   
33.750000	2.79358   	129.708   
33.840000	2.80035   	129.588   
33.930000	2.80711   	129.469   
34.020000	2.81387   	129.35    
34.110000	2.82062   	129.23    
34.200000	2.82737   	129.111   
34.290000	2.83411   	128.992   
34.380000	2.84085   	128.873   
34.470000	2.84757   	128.754   
34.560000	2.8543    	128.636   
34.650000	2.86102   	128.517   
34.740000	2.86773   	128.398   
34.830000	2.87444   	128.28    
34.920000	2.88114   	128.161   
35.010000	2.88784   	128.043   
35.100000	2.89453   	127.925   
35.190000	2.90121   	127.807   
35.280000	2.9079    	127.689   
35.370000	2.91457   	127.571   
35.460000	2.92124   	127.453   
35.550000	2.9279    	127.335   
35.640000	2.93456   	127.217   
35.730000	2.94121   	127.1     
35.820000	2.94786   	126.982   
35.910000	2.95449   	126.865   
36.000000	2.96113   	126.748   
36.090000	2.96776   	126.63    
36.180000	2.97438   	126.513   
36.270000	2.98099   	126.396   
36.360000	2.98761   	126.279   
36.450000	2.99421   	126.162   
36.540000	3.00081   	126.046   
36.630000	3.0074    	125.929   
36.720000	3.01399   	125.812   
36.810000	3.02057   	125.696   
36.900000	3.02715   	125.579   
36.990000	3.03372   	125.463   
37.080000	3.04028   	125.347   
37.170000	3.04684   	125.231   
37.260000	3.05339   	125.115   
37.350000	3.05994   	124.999   
37.440000	3.06648   	124.883   
37.530000	3.07301   	124.767   
37.620000	3.07954   	124.651   
37.710000	3.08606   	124.536   
37.800000	3.09258   	124.42    
37.890000	3.09909   	124.305   
37.980000	3.10559   	124.19    
38.070000	3.11209   	124.075   
38.160000	3.11858   	123.959   
38.250000	3.12507   	123.844   
38.340000	3.13155   	123.729   
38.430000	3.13802   	123.615   
38.520000	3.14449   	123.5     
38.610000	3.15095   	123.385   
38.700000	3.1574    	123.27    
38.790000	3.16385   	123.156   
38.880000	3.1703    	123.041   
38.970000	3.17673   	122.927   
39.060000	3.18316   	122.813   
39.150000	3.18958   	122.699   
39.240000	3.196     	122.585   
39.330000	3.20241   	122.471   
39.420000	3.20882   	122.357   
39.510000	3.21521   	122.243   
39.600000	3.22161   	122.129   
39.690000	3.22799   	122.016   
39.780000	3.23437   	121.902   
39.870000	3.24074   	121.789   
39.960000	3.24711   	121.676   
40.050000	3.25347   	121.562   
40.140000	3.25983   	121.449   
40.230000	3.26617   	121.336   
40.320000	3.27252   	121.223   
40.410000	3.27885   	121.11    
40.500000	3.28518   	120.997   
40.590000	3.2915    	120.885   
40.680000	3.29782   	120.772   
40.770000	3.30412   	120.659   
40.860000	3.31043   	120.547   
40.950000	3.31672   	120.435   
41.040000	3.32301   	120.322   
41.130000	3.32929   	120.21    
41.220000	3.33557   	120.098   
41.310000	3.34183   	119.986   
41.400000	3.3481    	119.874   
41.490000	3.35435   	119.762   
41.580000	3.36061   	119.651   
41.670000	3.36684   	119.539   
41.760000	3.37308   	119.427   
41.850000	3.37931   	119.316   
41.940000	3.38554   	119.204   
42.030000	3.39175   	119.093   
42.120000	3.39796   	118.982   
42.210000	3.40416   	118.871   
42.300000	3.41036   	118.76    
42.390000	3.41655   	118.649   
42.480000	3.42273   	118.538   
42.570000	3.4289    	118.427   
42.660000	3.43508   	118.316   
42.750000	3.44123   	118.206   
42.840000	3.44739   	118.095   
42.930000	3.45354   	117.985   
43.020000	3.45968   	117.874   
43.110000	3.46581   	117.764   
43.200000	3.47194   	117.654   
43.290000	3.47806   	117.544   
43.380000	3.48418   	117.434   
43.470000	3.49028   	117.324   
43.560000	3.49638   	117.214   
43.650000	3.50247   	117.105   
43.740000	3.50856   	116.995   
43.830000	3.51464   	116.885   
43.920000	3.52071   	116.776   
44.010000	3.52677   	116.666   
44.100000	3.53284   	116.557   
44.190000	3.53888   	116.448   
44.280000	3.54493   	116.339   
44.370000	3.55096   	116.23    
44.460000	3.557     	116.121   
44.550000	3.56302   	116.012   
44.640000	3.56903   	115.903   
44.730000	3.57504   	115.794   
44.820000	3.58104   	115.686   
44.910000	3.58703   	115.577   
45.000000	3.59302   	115.469   
45.090000	3.599     	115.36    
45.180000	3.60498   	115.252   
45.270000	3.61094   	115.144   
45.360000	3.6169    	115.035   
45.450000	3.62285   	114.927   
45.540000	3.62879   	114.819   
45.630000	3.63473   	114.712   
45.720000	3.64066   	114.604   
45.810000	3.64658   	114.496   
45.900000	3.6525    	114.388   
45.990000	3.6584    	114.281   
46.080000	3.6643    	114.173   
46.170000	3.67019   	114.066   
46.260000	3.67608   	113.959   
46.350000	3.68195   	113.852   
46.440000	3.68783   	113.744   
46.530000	3.69369   	113.637   
46.620000	3.69955   	113.53    
46.710000	3.70539   	113.424   
46.800000	3.71123   	113.317   
46.890000	3.71706   	113.21    
46.980000	3.72289   	113.103   
47.070000	3.72871   	112.997   
47.160000	3.73452   	112.89    
47.250000	3.74032   	112.784   
47.340000	3.74612   	112.678   
47.430000	3.7519    	112.572   
47.520000	3.75769   	112.465   
47.610000	3.76346   	112.359   
47.700000	3.76923   	112.253   
47.790000	3.77498   	112.148   
47.880000	3.78073   	112.042   
47.970000	3.78647   	111.936   
48.060000	3.79221   	111.83    
48.150000	3.79793   	111.725   
48.240000	3.80366   	111.619   
48.330000	3.80937   	111.514   
48.420000	3.81507   	111.409   
48.510000	3.82077   	111.303   
48.600000	3.82646   	111.198   
48.690000	3.83214   	111.093   
48.780000	3.83781   	110.988   
48.870000	3.84347   	110.883   
48.960000	3.84914   	110.778   
49.050000	3.85478   	110.674   
49.140000	3.86043   	110.569   
49.230000	3.86606   	110.464   
49.320000	3.87169   	110.36    
49.410000	3.8773    	110.255   
49.500000	3.88292   	110.151   
49.590000	3.88852   	110.047   
49.680000	3.89412   	109.943   
49.770000	3.8997    	109.839   
49.860000	3.90528   	109.734   
49.950000	3.91085   	109.631   
50.040000	3.91642   	109.527   
50.130000	3.92197   	109.423   
50.220000	3.92752   	109.319   
50.310000	3.93305   	109.215   
50.400000	3.93859   	109.112   
50.490000	3.94411   	109.008   
50.580000	3.94963   	108.905   
50.670000	3.95513   	108.802   
50.760000	3.96063   	108.698   
50.850000	3.96612   	108.595   
50.940000	3.97161   	108.492   
51.030000	3.97708   	108.389   
51.120000	3.98255   	108.286   
51.210000	3.98801   	108.183   
51.300000	3.99346   	108.081   
51.390000	3.9989    	107.978   
51.480000	4.00434   	107.875   
51.570000	4.00976   	107.773   
51.660000	4.01518   	107.67    
51.750000	4.02059   	107.568   
51.840000	4.02599   	107.465   
51.930000	4.03138   	107.363   
52.020000	4.03677   	107.261   
52.110000	4.04214   	107.159   
52.200000	4.04752   	107.057   
52.290000	4.05287   	106.955   
52.380000	4.05823   	106.853   
52.470000	4.06357   	106.751   
52.560000	4.06891   	106.65    
52.650000	4.07423   	106.548   
52.740000	4.07955   	106.446   
52.830000	4.08486   	106.345   
52.920000	4.09017   	106.244   
53.010000	4.09545   	106.142   
53.100000	4.10074   	106.041   
53.190000	4.10602   	105.94    
53.280000	4.11129   	105.839   
53.370000	4.11654   	105.738   
53.460000	4.1218    	105.637   
53.550000	4.12704   	105.536   
53.640000	4.13228   	105.435   
53.730000	4.1375    	105.334   
53.820000	4.14272   	105.234   
53.910000	4.14792   	105.133   
54.000000	4.15313   	105.033   
54.090000	4.15832   	104.932   
54.180000	4.1635    	104.832   
54.270000	4.16867   	104.732   
54.360000	4.17385   	104.631   
54.450000	4.179     	104.531   
54.540000	4.18415   	104.431   
54.630000	4.18929   	104.331   
54.720000	4.19442   	104.231   
54.810000	4.19954   	104.131   
54.900000	4.20466   	104.032   
54.990000	4.20976   	103.932   
55.080000	4.21486   	103.832   
55.170000	4.21995   	103.733   
55.260000	4.22503   	103.633   
55.350000	4.2301    	103.534   
55.440000	4.23516   	103.435   
55.530000	4.24021   	103.335   
55.620000	4.24526   	103.236   
55.710000	4.25029   	103.137   
55.800000	4.25532   	103.038   
55.890000	4.26034   	102.939   
55.980000	4.26535   	102.84    
56.070000	4.27034   	102.741   
56.160000	4.27534   	102.642   
56.250000	4.28032   	102.544   
56.340000	4.2853    	102.445   
56.430000	4.29026   	102.347   
56.520000	4.29522   	102.248   
56.610000	4.30016   	102.15    
56.700000	4.3051    	102.051   
56.790000	4.31003   	101.953   
56.880000	4.31495   	101.855   
56.970000	4.31986   	101.757   
57.060000	4.32476   	101.659   
57.150000	4.32965   	101.561   
57.240000	4.33454   	101.463   
57.330000	4.33941   	101.365   
57.420000	4.34428   	101.267   
57.510000	4.34913   	101.17    
57.600000	4.35399   	101.072   
57.690000	4.35882   	100.974   
57.780000	4.36365   	100.877   
57.870000	4.36847   	100.779   
57.960000	4.37329   	100.682   
58.050000	4.37808   	100.585   
58.140000	4.38288   	100.488   
58.230000	4.38766   	100.391   
58.320000	4.39244   	100.293   
58.410000	4.3972    	100.196   
58.500000	4.40196   	100.099   
58.590000	4.4067    	100.003   
58.680000	4.41145   	99.9058   
58.770000	4.41617   	99.8091   
58.860000	4.42089   	99.7124   
58.950000	4.4256    	99.6158   
59.040000	4.43031   	99.5193   
59.130000	4.43499   	99.4228   
59.220000	4.43968   	99.3264   
59.310000	4.44435   	99.2301   
59.400000	4.44902   	99.1338   
59.490000	4.45367   	99.0377   
59.580000	4.45831   	98.9415   
59.670000	4.46295   	98.8455   
59.760000	4.46758   	98.7495   
59.850000	4.47219   	98.6536   
59.940000	4.4768    	98.5577   
60.030000	4.48139   	98.4619   
60.120000	4.48599   	98.3662   
60.210000	4.49056   	98.2705   
60.300000	4.49514   	98.1749   
60.390000	4.49969   	98.0794   
60.480000	4.50425   	97.9839   
60.570000	4.50878   	97.8886   
60.660000	4.51332   	97.7932   
60.750000	4.51784   	97.698    
60.840000	4.52235   	97.6028   
60.930000	4.52685   	97.5077   
61.020000	4.53135   	97.4126   
61.110000	4.53583   	97.3176   
61.200000	4.54031   	97.2226   
61.290000	4.54477   	97.1278   
61.380000	4.54923   	97.033    
61.470000	4.55367   	96.9383   
61.560000	4.55811   	96.8435   
61.650000	4.56253   	96.749    
61.740000	4.56695   	96.6544   
61.830000	4.57135   	96.5599   
61.920000	4.57575   	96.4655   
62.010000	4.58014   	96.3712   
62.100000	4.58452   	96.2769   
62.190000	4.58888   	96.1827   
62.280000	4.59324   	96.0885   
62.370000	4.59759   	95.9944   
62.460000	4.60193   	95.9003   
62.550000	4.60625   	95.8064   
62.640000	4.61058   	95.7125   
62.730000	4.61488   	95.6187   
62.820000	4.61919   	95.5248   
62.910000	4.62347   	95.4312   
63.000000	4.62776   	95.3375   
63.090000	4.63202   	95.2439   
63.180000	4.63628   	95.1504   
63.270000	4.64053   	95.0569   
63.360000	4.64477   	94.9635   
63.450000	4.649     	94.8702   
63.540000	4.65323   	94.7769   
63.630000	4.65743   	94.6837   
63.720000	4.66164   	94.5905   
63.810000	4.66582   	94.4974   
63.900000	4.67001   	94.4044   
63.990000	4.67417   	94.3114   
64.080000	4.67834   	94.2185   
64.170000	4.68248   	94.1257   
64.260000	4.68663   	94.0329   
64.350000	4.69075   	93.9402   
64.440000	4.69488   	93.8475   
64.530000	4.69898   	93.7549   
64.620000	4.70309   	93.6623   
64.710000	4.70717   	93.5699   
64.800000	4.71126   	93.4775   
64.890000	4.71532   	93.3851   
64.980000	4.71939   	93.2928   
65.070000	4.72343   	93.2006   
65.160000	4.72748   	93.1084   
65.250000	4.7315    	93.0163   
65.340000	4.73553   	92.9242   
65.430000	4.73953   	92.8323   
65.520000	4.74353   	92.7403   
65.610000	4.74752   	92.6484   
65.700000	4.7515    	92.5566   
65.790000	4.75546   	92.4649   
65.880000	4.75943   	92.3731   
65.970000	4.76337   	92.2815   
66.060000	4.76731   	92.1899   
66.150000	4.77123   	92.0984   
66.240000	4.77515   	92.0069   
66.330000	4.77906   	91.9156   
66.420000	4.78296   	91.8242   
66.510000	4.78684   	91.7329   
66.600000	4.79072   	91.6417   
66.690000	4.79458   	91.5506   
66.780000	4.79844   	91.4594   
66.870000	4.80228   	91.3684   
66.960000	4.80612   	91.2774   
67.050000	4.80993   	91.1865   
67.140000	4.81375   	91.0956   
67.230000	4.81755   	91.0048   
67.320000	4.82135   	90.914    
67.410000	4.82512   	90.8233   
67.500000	4.8289    	90.7326   
67.590000	4.83265   	90.6421   
67.680000	4.83641   	90.5515   
67.770000	4.84014   	90.4611   
67.860000	4.84388   	90.3706   
67.950000	4.84759   	90.2803   
68.040000	4.85131   	90.19     
68.130000	4.855     	90.0997   
68.220000	4.85869   	90.0095   
68.310000	4.86236   	89.9194   
68.400000	4.86603   	89.8293   
68.490000	4.86968   	89.7393   
68.580000	4.87333   	89.6493   
68.670000	4.87696   	89.5595   
68.760000	4.88059   	89.4696   
68.850000	4.8842    	89.3798   
68.940000	4.8878    	89.29     
69.030000	4.89139   	89.2004   
69.120000	4.89498   	89.1107   
69.210000	4.89854   	89.0212   
69.300000	4.9021    	88.9316   
69.390000	4.90565   	88.8422   
69.480000	4.90919   	88.7528   
69.570000	4.91271   	88.6634   
69.660000	4.91623   	88.5741   
69.750000	4.91973   	88.4849   
69.840000	4.92323   	88.3957   
69.930000	4.92671   	88.3066   
70.020000	4.93019   	88.2175   
70.110000	4.93365   	88.1285   
70.200000	4.9371    	88.0395   
70.290000	4.94054   	87.9506   
70.380000	4.94397   	87.8617   
70.470000	4.94739   	87.7729   
70.560000	4.9508    	87.6842   
70.650000	4.95419   	87.5955   
70.740000	4.95758   	87.5068   
70.830000	4.96095   	87.4183   
70.920000	4.96432   	87.3297   
71.010000	4.96767   	87.2412   
71.100000	4.97102   	87.1528   
71.190000	4.97435   	87.0644   
71.280000	4.97767   	86.9761   
71.370000	4.98098   	86.8878   
71.460000	4.98428   	86.7996   
71.550000	4.98756   	86.7114   
71.640000	4.99084   	86.6233   
71.730000	4.9941    	86.5353   
71.820000	4.99736   	86.4472   
71.910000	5.0006    	86.3593   
72.000000	5.00384   	86.2714   
72.090000	5.00706   	86.1836   
72.180000	5.01027   	86.0957   
72.270000	5.01346   	86.008    
72.360000	5.01666   	85.9203   
72.450000	5.01983   	85.8327   
72.540000	5.023     	85.7451   
72.630000	5.02615   	85.6576   
72.720000	5.0293    	85.57     
72.810000	5.03243   	85.4826   
72.900000	5.03555   	85.3952   
72.990000	5.03866   	85.3079   
73.080000	5.04176   	85.2206   
73.170000	5.04484   	85.1334   
73.260000	5.04792   	85.0462   
73.350000	5.05098   	84.9591   
73.440000	5.05404   	84.872    
73.530000	5.05708   	84.785    
73.620000	5.06012   	84.698    
73.710000	5.06313   	84.6111   
73.800000	5.06615   	84.5242   
73.890000	5.06914   	84.4374   
73.980000	5.07213   	84.3506   
74.070000	5.0751    	84.2639   
74.160000	5.07807   	84.1772   
74.250000	5.08101   	84.0906   
74.340000	5.08396   	84.004    
74.430000	5.08688   	83.9175   
74.520000	5.08981   	83.831    
74.610000	5.09271   	83.7446   
74.700000	5.09561   	83.6582   
74.790000	5.09849   	83.5719   
74.880000	5.10136   	83.4856   
74.970000	5.10422   	83.3994   
75.060000	5.10707   	83.3132   
75.150000	5.10991   	83.2271   
75.240000	5.11274   	83.141    
75.330000	5.11555   	83.055    
75.420000	5.11836   	82.9689   
75.510000	5.12114   	82.883    
75.600000	5.12393   	82.7971   
75.690000	5.12669   	82.7113   
75.780000	5.12945   	82.6255   
75.870000	5.13219   	82.5398   
75.960000	5.13493   	82.4541   
76.050000	5.13765   	82.3684   
76.140000	5.14037   	82.2828   
76.230000	5.14306   	82.1973   
76.320000	5.14576   	82.1118   
76.410000	5.14843   	82.0263   
76.500000	5.1511    	81.9409   
76.590000	5.15374   	81.8556   
76.680000	5.15639   	81.7702   
76.770000	5.15902   	81.685    
76.860000	5.16164   	81.5997   
76.950000	5.16424   	81.5146   
77.040000	5.16684   	81.4294   
77.130000	5.16942   	81.3444   
77.220000	5.17199   	81.2593   
77.310000	5.17455   	81.1744   
77.400000	5.1771    	81.0894   
77.490000	5.17963   	81.0045   
77.580000	5.18216   	80.9197   
77.670000	5.18467   	80.8349   
77.760000	5.18718   	80.7501   
77.850000	5.18966   	80.6655   
77.940000	5.19214   	80.5808   
78.030000	5.1946    	80.4962   
78.120000	5.19706   	80.4116   
78.210000	5.1995    	80.3271   
78.300000	5.20193   	80.2426   
78.390000	5.20434   	80.1582   
78.480000	5.20676   	80.0738   
78.570000	5.20914   	79.9895   
78.660000	5.21153   	79.9051   
78.750000	5.2139    	79.8209   
78.840000	5.21626   	79.7367   
78.930000	5.2186    	79.6526   
79.020000	5.22094   	79.5684   
79.110000	5.22326   	79.4844   
79.200000	5.22558   	79.4003   
79.290000	5.22787   	79.3164   
79.380000	5.23016   	79.2324   
79.470000	5.23243   	79.1486   
79.560000	5.2347    	79.0647   
79.650000	5.23695   	78.9809   
79.740000	5.23919   	78.8971   
79.830000	5.24141   	78.8135   
79.920000	5.24363   	78.7298   
80.010000	5.24583   	78.6462   
80.100000	5.24803   	78.5626   
80.190000	5.2502    	78.479    
80.280000	5.25237   	78.3955   
80.370000	5.25452   	78.3121   
80.460000	5.25667   	78.2287   
80.550000	5.2588    	78.1453   
80.640000	5.26092   	78.062    
80.730000	5.26302   	77.9788   
80.820000	5.26512   	77.8955   
80.910000	5.2672    	77.8123   
81.000000	5.26927   	77.7292   
81.090000	5.27133   	77.6461   
81.180000	5.27338   	77.563    
81.270000	5.2754    	77.48     
81.360000	5.27743   	77.397    
81.450000	5.27944   	77.3141   
81.540000	5.28144   	77.2312   
81.630000	5.28342   	77.1484   
81.720000	5.2854    	77.0656   
81.810000	5.28735   	76.9828   
81.900000	5.2893    	76.9001   
81.990000	5.29123   	76.8174   
82.080000	5.29316   	76.7348   
82.170000	5.29507   	76.6522   
82.260000	5.29697   	76.5696   
82.350000	5.29885   	76.4872   
82.440000	5.30073   	76.4047   
82.530000	5.30259   	76.3223   
82.620000	5.30445   	76.2399   
82.710000	5.30628   	76.1575   
82.800000	5.30811   	76.0752   
82.890000	5.30992   	75.993    
82.980000	5.31172   	75.9107   
83.070000	5.3135    	75.8286   
83.160000	5.31529   	75.7464   
83.250000	5.31704   	75.6644   
83.340000	5.3188    	75.5823   
83.430000	5.32053   	75.5003   
83.520000	5.32226   	75.4183   
83.610000	5.32397   	75.3364   
83.700000	5.32568   	75.2545   
83.790000	5.32736   	75.1727   
83.880000	5.32904   	75.0908   
83.970000	5.3307    	75.0091   
84.060000	5.33236   	74.9273   
84.150000	5.33399   	74.8457   
84.240000	5.33562   	74.764    
84.330000	5.33723   	74.6824   
84.420000	5.33884   	74.6008   
84.510000	5.34042   	74.5193   
84.600000	5.342     	74.4378   
84.690000	5.34356   	74.3564   
84.780000	5.34512   	74.275    
84.870000	5.34665   	74.1936   
84.960000	5.34818   	74.1123   
85.050000	5.34969   	74.031    
85.140000	5.3512    	73.9497   
85.230000	5.35268   	73.8685   
85.320000	5.35416   	73.7874   
85.410000	5.35562   	73.7062   
85.500000	5.35708   	73.6251   
85.590000	5.35851   	73.5441   
85.680000	5.35994   	73.4631   
85.770000	5.36135   	73.3821   
85.860000	5.36275   	73.3011   
85.950000	5.36413   	73.2203   
86.040000	5.36551   	73.1394   
86.130000	5.36687   	73.0586   
86.220000	5.36823   	72.9778   
86.310000	5.36956   	72.8971   
86.400000	5.37089   	72.8163   
86.490000	5.37219   	72.7357   
86.580000	5.3735    	72.655    
86.670000	5.37478   	72.5745   
86.760000	5.37605   	72.4939   
86.850000	5.37731   	72.4134   
86.940000	5.37856   	72.3329   
87.030000	5.37979   	72.2525   
87.120000	5.38102   	72.172    
87.210000	5.38222   	72.0917   
87.300000	5.38342   	72.0113   
87.390000	5.3846    	71.9311   
87.480000	5.38578   	71.8508   
87.570000	5.38693   	71.7706   
87.660000	5.38808   	71.6904   
87.750000	5.38921   	71.6103   
87.840000	5.39033   	71.5302   
87.930000	5.39143   	71.4501   
88.020000	5.39253   	71.3701   
88.110000	5.39361   	71.2901   
88.200000	5.39468   	71.2101   
88.290000	5.39573   	71.1302   
88.380000	5.39678   	71.0503   
88.470000	5.3978    	70.9705   
88.560000	5.39883   	70.8906   
88.650000	5.39982   	70.8109   
88.740000	5.40082   	70.7311   
88.830000	5.40179   	70.6514   
88.920000	5.40276   	70.5718   
89.010000	5.40371   	70.4922   
89.100000	5.40465   	70.4125   
89.190000	5.40557   	70.333    
89.280000	5.40649   	70.2535   
89.370000	5.40739   	70.174    
89.460000	5.40828   	70.0945   
89.550000	5.40915   	70.0151   
89.640000	5.41002   	69.9357   
89.730000	5.41086   	69.8564   
89.820000	5.4117    	69.7771   
89.910000	5.41251   	69.6978   
90.000000	5.41333   	69.6186   
90.090000	5.41412   	69.5394   
90.180000	5.41491   	69.4602   
90.270000	5.41567   	69.3811   
90.360000	5.41643   	69.302    
90.450000	5.41717   	69.2229   
90.540000	5.41791   	69.1439   
90.630000	5.41862   	69.0649   
90.720000	5.41933   	68.9859   
90.810000	5.42001   	68.907    
90.900000	5.4207    	68.8281   
90.990000	5.42136   	68.7493   
91.080000	5.42202   	68.6704   
91.170000	5.42265   	68.5917   
91.260000	5.42328   	68.5129   
91.350000	5.42389   	68.4342   
91.440000	5.42449   	68.3555   
91.530000	5.42507   	68.2769   
91.620000	5.42565   	68.1982   
91.710000	5.4262    	68.1197   
91.800000	5.42676   	68.0411   
91.890000	5.42729   	67.9626   
91.980000	5.42781   	67.8841   
92.070000	5.42831   	67.8057   
92.160000	5.42881   	67.7273   
92.250000	5.42929   	67.6489   
92.340000	5.42976   	67.5706   
92.430000	5.43021   	67.4923   
92.520000	5.43066   	67.414    
92.610000	5.43108   	67.3357   
92.700000	5.4315    	67.2575   
92.790000	5.43189   	67.1793   
92.880000	5.43229   	67.1012   
92.970000	5.43266   	67.0231   
93.060000	5.43302   	66.945    
93.150000	5.43336   	66.867    
93.240000	5.43371   	66.7889   
93.330000	5.43402   	66.711    
93.420000	5.43434   	66.633    
93.510000	5.43462   	66.5551   
93.600000	5.43491   	66.4772   
93.690000	5.43517   	66.3994   
93.780000	5.43544   	66.3215   
93.870000	5.43567   	66.2438   
93.960000	5.43591   	66.166    
94.050000	5.43611   	66.0883   
94.140000	5.43632   	66.0106   
94.230000	5.4365    	65.933    
94.320000	5.43668   	65.8553   
94.410000	5.43684   	65.7777   
94.500000	5.43699   	65.7002   
94.590000	5.43712   	65.6227   
94.680000	5.43725   	65.5451   
94.770000	5.43735   	65.4677   
94.860000	5.43745   	65.3902   
94.950000	5.43753   	65.3129   
95.040000	5.4376    	65.2355   
95.130000	5.43765   	65.1581   
95.220000	5.43769   	65.0808   
95.310000	5.43772   	65.0036   
95.400000	5.43774   	64.9263   
95.490000	5.43773   	64.8491   
95.580000	5.43772   	64.7719   
95.670000	5.43769   	64.6948   
95.760000	5.43766   	64.6176   
95.850000	5.4376    	64.5406   
95.940000	5.43754   	64.4635   
96.030000	5.43745   	64.3865   
96.120000	5.43736   	64.3095   
96.210000	5.43725   	64.2325   
96.300000	5.43713   	64.1556   
96.390000	5.43699   	64.0787   
96.480000	5.43685   	64.0018   
96.570000	5.43668   	63.9249   
96.660000	5.43651   	63.8481   
96.750000	5.43632   	63.7713   
96.840000	5.43612   	63.6946   
96.930000	5.4359    	63.6179   
97.020000	5.43568   	63.5412   
97.110000	5.43543   	63.4645   
97.200000	5.43518   	63.3879   
97.290000	5.4349    	63.3113   
97.380000	5.43462   	63.2347   
97.470000	5.43432   	63.1582   
97.560000	5.43402   	63.0816   
97.650000	5.43368   	63.0052   
97.740000	5.43335   	62.9287   
97.830000	5.433     	62.8523   
97.920000	5.43264   	62.7759   
98.010000	5.43225   	62.6995   
98.100000	5.43187   	62.6232   
98.190000	5.43145   	62.5469   
98.280000	5.43104   	62.4706   
98.370000	5.4306    	62.3944   
98.460000	5.43016   	62.3181   
98.550000	5.42969   	62.2419   
98.640000	5.42923   	62.1658   
98.730000	5.42873   	62.0897   
98.820000	5.42824   	62.0135   
98.910000	5.42771   	61.9375   
99.000000	5.42719   	61.8614   
99.090000	5.42664   	61.7854   
99.180000	5.42609   	61.7094   
99.270000	5.42552   	61.6335   
99.360000	5.42494   	61.5575   
99.450000	5.42434   	61.4816   
99.540000	5.42373   	61.4057   
99.630000	5.4231    	61.3299   
99.720000	5.42247   	61.2541   
99.810000	5.42181   	61.1783   
99.900000	5.42115   	61.1025   
99.990000	5.42046   	61.0268   
100.080000	5.41978   	60.9511   
100.170000	5.41906   	60.8754   
100.260000	5.41835   	60.7998   
100.350000	5.41761   	60.7242   
100.440000	5.41687   	60.6486   
100.530000	5.4161    	60.573    
100.620000	5.41533   	60.4974   
100.710000	5.41453   	60.422    
100.800000	5.41374   	60.3465   
100.890000	5.41291   	60.271    
100.980000	5.41209   	60.1956   
101.070000	5.41124   	60.1202   
101.160000	5.41039   	60.0448   
101.250000	5.40951   	59.9695   
101.340000	5.40863   	59.8941   
101.430000	5.40772   	59.8189   
101.520000	5.40682   	59.7436   
101.610000	5.40588   	59.6684   
101.700000	5.40495   	59.5931   
101.790000	5.40399   	59.518    
101.880000	5.40302   	59.4428   
101.970000	5.40204   	59.3677   
102.060000	5.40105   	59.2926   
102.150000	5.40003   	59.2175   
102.240000	5.39901   	59.1425   
102.330000	5.39797   	59.0674   
102.420000	5.39692   	58.9924   
102.510000	5.39585   	58.9175   
102.600000	5.39478   	58.8425   
102.690000	5.39368   	58.7676   
102.780000	5.39258   	58.6927   
102.870000	5.39145   	58.6179   
102.960000	5.39032   	58.543    
103.050000	5.38917   	58.4682   
103.140000	5.38801   	58.3934   
103.230000	5.38683   	58.3187   
103.320000	5.38565   	58.2439   
103.410000	5.38444   	58.1693   
103.500000	5.38322   	58.0946   
103.590000	5.38199   	58.0199   
103.680000	5.38075   	57.9453   
103.770000	5.37948   	57.8707   
103.860000	5.37821   	57.7961   
103.950000	5.37692   	57.7216   
104.040000	5.37563   	57.647    
104.130000	5.3743    	57.5725   
104.220000	5.37298   	57.4981   
104.310000	5.37163   	57.4236   
104.400000	5.37028   	57.3492   
104.490000	5.36891   	57.2748   
104.580000	5.36753   	57.2004   
104.670000	5.36612   	57.1261   
104.760000	5.36472   	57.0518   
104.850000	5.36329   	56.9775   
104.940000	5.36185   	56.9032   
105.030000	5.36039   	56.829    
105.120000	5.35893   	56.7547   
105.210000	5.35744   	56.6805   
105.300000	5.35595   	56.6064   
105.390000	5.35444   	56.5322   
105.480000	5.35292   	56.4581   
105.570000	5.35138   	56.384    
105.660000	5.34983   	56.3099   
105.750000	5.34826   	56.2359   
105.840000	5.34669   	56.1618   
105.930000	5.34509   	56.0879   
106.020000	5.34349   	56.0139   
106.110000	5.34186   	55.9399   
106.200000	5.34023   	55.866    
106.290000	5.33857   	55.7921   
106.380000	5.33692   	55.7182   
106.470000	5.33523   	55.6444   
106.560000	5.33355   	55.5705   
106.650000	5.33184   	55.4968   
106.740000	5.33013   	55.423    
106.830000	5.32839   	55.3492   
106.920000	5.32665   	55.2755   
107.010000	5.32488   	55.2018   
107.100000	5.32311   	55.1281   
107.190000	5.32132   	55.0544   
107.280000	5.31952   	54.9808   
107.370000	5.3177    	54.9072   
107.460000	5.31587   	54.8336   
107.550000	5.31402   	54.76     
107.640000	5.31217   	54.6865   
107.730000	5.31029   	54.613    
107.820000	5.30841   	54.5395   
107.910000	5.3065    	54.466    
108.000000	5.3046    	54.3925   
108.090000	5.30266   	54.3191   
108.180000	5.30073   	54.2457   
108.270000	5.29876   	54.1724   
108.360000	5.2968    	54.099    
108.450000	5.29481   	54.0257   
108.540000	5.29282   	53.9524   
108.630000	5.2908    	53.8791   
108.720000	5.28878   	53.8058   
108.810000	5.28673   	53.7326   
108.900000	5.28468   	53.6593   
108.990000	5.28261   	53.5862   
109.080000	5.28053   	53.513    
109.170000	5.27843   	53.4398   
109.260000	5.27633   	53.3667   
109.350000	5.2742    	53.2936   
109.440000	5.27206   	53.2205   
109.530000	5.26991   	53.1475   
109.620000	5.26775   	53.0744   
109.710000	5.26556   	53.0014   
109.800000	5.26337   	52.9284   
109.890000	5.26116   	52.8555   
109.980000	5.25894   	52.7825   
110.070000	5.2567    	52.7096   
110.160000	5.25446   	52.6367   
110.250000	5.25218   	52.5638   
110.340000	5.24991   	52.491    
110.430000	5.24761   	52.4181   
110.520000	5.24531   	52.3453   
110.610000	5.24299   	52.2725   
110.700000	5.24066   	52.1998   
110.790000	5.2383    	52.127    
110.880000	5.23595   	52.0543   
110.970000	5.23357   	51.9816   
111.060000	5.23118   	51.9089   
111.150000	5.22877   	51.8363   
111.240000	5.22636   	51.7636   
111.330000	5.22392   	51.691    
111.420000	5.22148   	51.6184   
111.510000	5.21902   	51.5458   
111.600000	5.21655   	51.4733   
111.690000	5.21405   	51.4008   
111.780000	5.21156   	51.3282   
111.870000	5.20904   	51.2558   
111.960000	5.20651   	51.1833   
112.050000	5.20396   	51.1108   
112.140000	5.20141   	51.0384   
112.230000	5.19883   	50.966    
112.320000	5.19625   	50.8936   
112.410000	5.19364   	50.8213   
112.500000	5.19104   	50.7489   
112.590000	5.1884    	50.6766   
112.680000	5.18577   	50.6043   
112.770000	5.1831    	50.5321   
112.860000	5.18044   	50.4598   
112.950000	5.17775   	50.3876   
113.040000	5.17506   	50.3153   
113.130000	5.17234   	50.2432   
113.220000	5.16962   	50.171    
113.310000	5.16687   	50.0988   
113.400000	5.16413   	50.0267   
113.490000	5.16135   	49.9546   
113.580000	5.15858   	49.8825   
113.670000	5.15578   	49.8104   
113.760000	5.15297   	49.7384   
113.850000	5.15014   	49.6664   
113.940000	5.14731   	49.5943   
114.030000	5.14445   	49.5224   
114.120000	5.14159   	49.4504   
114.210000	5.13871   	49.3784   
114.300000	5.13582   	49.3065   
114.390000	5.13291   	49.2346   
114.480000	5.12999   	49.1627   
114.570000	5.12705   	49.0909   
114.660000	5.12411   	49.019    
114.750000	5.12114   	48.9472   
114.840000	5.11817   	48.8754   
114.930000	5.11517   	48.8036   
115.020000	5.11217   	48.7318   
115.110000	5.10914   	48.6601   
115.200000	5.10612   	48.5883   
115.290000	5.10306   	48.5166   
115.380000	5.10001   	48.4449   
115.470000	5.09693   	48.3733   
115.560000	5.09384   	48.3016   
115.650000	5.09073   	48.23     
115.740000	5.08762   	48.1584   
115.830000	5.08449   	48.0868   
115.920000	5.08135   	48.0152   
116.010000	5.07818   	47.9437   
116.100000	5.07502   	47.8721   
116.190000	5.07182   	47.8006   
116.280000	5.06863   	47.7291   
116.370000	5.06541   	47.6576   
116.460000	5.06219   	47.5862   
116.550000	5.05894   	47.5148   
116.640000	5.05569   	47.4433   
116.730000	5.05241   	47.3719   
116.820000	5.04914   	47.3005   
116.910000	5.04583   	47.2292   
117.000000	5.04253   	47.1578   
117.090000	5.03919   	47.0865   
117.180000	5.03586   	47.0152   
117.270000	5.0325    	46.9439   
117.360000	5.02914   	46.8727   
117.450000	5.02575   	46.8014   
117.540000	5.02237   	46.7302   
117.630000	5.01895   	46.659    
117.720000	5.01553   	46.5878   
117.810000	5.01209   	46.5166   
117.900000	5.00865   	46.4454   
117.990000	5.00518   	46.3743   
118.080000	5.00171   	46.3032   
118.170000	4.99821   	46.2321   
118.260000	4.99471   	46.161    
118.350000	4.99118   	46.0899   
118.440000	4.98765   	46.0189   
118.530000	4.9841    	45.9479   
118.620000	4.98055   	45.8769   
118.710000	4.97696   	45.8059   
118.800000	4.97338   	45.7349   
118.890000	4.96977   	45.6639   
118.980000	4.96616   	45.593    
119.070000	4.96253   	45.5221   
119.160000	4.95889   	45.4512   
119.250000	4.95523   	45.3803   
119.340000	4.95156   	45.3094   
119.430000	4.94787   	45.2386   
119.520000	4.94418   	45.1677   
119.610000	4.94046   	45.0969   
119.700000	4.93674   	45.0261   
119.790000	4.93299   	44.9554   
119.880000	4.92924   	44.8846   
119.970000	4.92547   	44.8139   
120.060000	4.92169   	44.7431   
120.150000	4.91789   	44.6724   
120.240000	4.91409   	44.6017   
120.330000	4.91026   	44.5311   
120.420000	4.90643   	44.4604   
120.510000	4.90257   	44.3898   
120.600000	4.89871   	44.3192   
120.690000	4.89483   	44.2486   
120.780000	4.89094   	44.178    
120.870000	4.88703   	44.1074   
120.960000	4.88312   	44.0368   
121.050000	4.87918   	43.9663   
121.140000	4.87524   	43.8958   
121.230000	4.87127   	43.8253   
121.320000	4.8673    	43.7548   
121.410000	4.86331   	43.6844   
121.500000	4.85931   	43.6139   
121.590000	4.85529   	43.5435   
121.680000	4.85127   	43.473    
121.770000	4.84722   	43.4027   
121.860000	4.84317   	43.3323   
121.950000	4.8391    	43.2619   
122.040000	4.83502   	43.1916   
122.130000	4.83092   	43.1212   
122.220000	4.82681   	43.0509   
122.310000	4.82268   	42.9806   
122.400000	4.81855   	42.9103   
122.490000	4.81439   	42.8401   
122.580000	4.81023   	42.7698   
122.670000	4.80605   	42.6996   
122.760000	4.80186   	42.6294   
122.850000	4.79765   	42.5592   
122.940000	4.79344   	42.489    
123.030000	4.7892    	42.4188   
123.120000	4.78496   	42.3487   
123.210000	4.78069   	42.2785   
123.300000	4.77642   	42.2084   
123.390000	4.77213   	42.1383   
123.480000	4.76784   	42.0682   
123.570000	4.76351   	41.9981   
123.660000	4.75919   	41.9281   
123.750000	4.75484   	41.8581   
123.840000	4.7505    	41.788    
123.930000	4.74612   	41.718    
124.020000	4.74175   	41.648    
124.110000	4.73734   	41.5781   
124.200000	4.73294   	41.5081   
124.290000	4.72851   	41.4382   
124.380000	4.72408   	41.3682   
124.470000	4.71963   	41.2983   
124.560000	4.71517   	41.2284   
124.650000	4.71069   	41.1585   
124.740000	4.7062    	41.0887   
124.830000	4.70169   	41.0188   
124.920000	4.69718   	40.949    
125.010000	4.69265   	40.8792   
125.100000	4.68811   	40.8094   
125.190000	4.68355   	40.7396   
125.280000	4.67898   	40.6698   
125.370000	4.67439   	40.6      
125.460000	4.6698    	40.5303   
125.550000	4.66519   	40.4606   
125.640000	4.66057   	40.3909   
125.730000	4.65592   	40.3212   
125.820000	4.65128   	40.2515   
125.910000	4.64661   	40.1818   
126.000000	4.64194   	40.1122   
126.090000	4.63724   	40.0425   
126.180000	4.63254   	39.9729   
126.270000	4.62782   	39.9033   
126.360000	4.6231    	39.8337   
126.450000	4.61835   	39.7641   
126.540000	4.6136    	39.6946   
126.630000	4.60882   	39.625    
126.720000	4.60404   	39.5555   
126.810000	4.59924   	39.486    
126.900000	4.59443   	39.4165   
126.990000	4.5896    	39.347    
127.080000	4.58477   	39.2775   
127.170000	4.57992   	39.2081   
127.260000	4.57506   	39.1386   
127.350000	4.57018   	39.0692   
127.440000	4.56529   	38.9998   
127.530000	4.56038   	38.9304   
127.620000	4.55547   	38.861    
127.710000	4.55054   	38.7916   
127.800000	4.5456    	38.7223   
127.890000	4.54064   	38.6529   
127.980000	4.53568   	38.5836   
128.070000	4.53069   	38.5143   
128.160000	4.5257    	38.445    
128.250000	4.52069   	38.3757   
128.340000	4.51567   	38.3064   
128.430000	4.51063   	38.2372   
128.520000	4.50559   	38.1679   
128.610000	4.50052   	38.0987   
128.700000	4.49546   	38.0295   
128.790000	4.49036   	37.9603   
128.880000	4.48527   	37.8911   
128.970000	4.48015   	37.8219   
129.060000	4.47503   	37.7528   
129.150000	4.46988   	37.6836   
129.240000	4.46474   	37.6145   
129.330000	4.45957   	37.5454   
129.420000	4.4544    	37.4763   
129.510000	4.4492    	37.4072   
129.600000	4.444     	37.3381   
129.690000	4.43878   	37.2691   
129.780000	4.43355   	37.2      
129.870000	4.42831   	37.131    
129.960000	4.42306   	37.0619   
130.050000	4.41778   	36.9929   
130.140000	4.41251   	36.9239   
130.230000	4.4072    	36.855    
130.320000	4.4019    	36.786    
130.410000	4.39658   	36.717    
130.500000	4.39125   	36.6481   
130.590000	4.3859    	36.5792   
130.680000	4.38054   	36.5103   
130.770000	4.37517   	36.4414   
130.860000	4.36979   	36.3725   
130.950000	4.36438   	36.3036   
131.040000	4.35898   	36.2347   
131.130000	4.35355   	36.1659   
131.220000	4.34812   	36.0971   
131.310000	4.34267   	36.0283   
131.400000	4.33721   	35.9594   
131.490000	4.33173   	35.8906   
131.580000	4.32625   	35.8219   
131.670000	4.32074   	35.7531   
131.760000	4.31524   	35.6843   
131.850000	4.30971   	35.6156   
131.940000	4.30418   	35.5469   
132.030000	4.29862   	35.4782   
132.120000	4.29306   	35.4094   
132.210000	4.28748   	35.3408   
132.300000	4.2819    	35.2721   
132.390000	4.27629   	35.2034   
132.480000	4.27068   	35.1348   
132.570000	4.26505   	35.0661   
132.660000	4.25942   	34.9975   
132.750000	4.25376   	34.9289   
132.840000	4.2481    	34.8603   
132.930000	4.24242   	34.7917   
133.020000	4.23674   	34.7231   
133.110000	4.23103   	34.6546   
133.200000	4.22532   	34.586    
133.290000	4.21959   	34.5175   
133.380000	4.21385   	34.4489   
133.470000	4.20809   	34.3804   
133.560000	4.20234   	34.3119   
133.650000	4.19655   	34.2434   
133.740000	4.19077   	34.1749   
133.830000	4.18496   	34.1065   
133.920000	4.17915   	34.038    
134.010000	4.17332   	33.9696   
134.100000	4.16749   	33.9011   
134.190000	4.16163   	33.8327   
134.280000	4.15577   	33.7643   
134.370000	4.14989   	33.6959   
134.460000	4.14401   	33.6276   
134.550000	4.1381    	33.5592   
134.640000	4.13219   	33.4908   
134.730000	4.12626   	33.4225   
134.820000	4.12033   	33.3542   
134.910000	4.11437   	33.2858   
135.000000	4.10842   	33.2175   
135.090000	4.10244   	33.1492   
135.180000	4.09646   	33.0809   
135.270000	4.09045   	33.0127   
135.360000	4.08444   	32.9444   
135.450000	4.07841   	32.8762   
135.540000	4.07239   	32.8079   
135.630000	4.06633   	32.7397   
135.720000	4.06028   	32.6715   
135.810000	4.0542    	32.6033   
135.900000	4.04812   	32.5351   
135.990000	4.04202   	32.4669   
136.080000	4.03591   	32.3987   
136.170000	4.02979   	32.3306   
136.260000	4.02366   	32.2624   
136.350000	4.01751   	32.1943   
136.440000	4.01136   	32.1262   
136.530000	4.00518   	32.0581   
136.620000	3.99901   	31.9899   
136.710000	3.99281   	31.9219   
136.800000	3.98661   	31.8538   
136.890000	3.98039   	31.7857   
136.980000	3.97416   	31.7177   
137.070000	3.96792   	31.6496   
137.160000	3.96167   	31.5816   
137.250000	3.9554    	31.5136   
137.340000	3.94913   	31.4455   
137.430000	3.94283   	31.3775   
137.520000	3.93654   	31.3096   
137.610000	3.93022   	31.2416   
137.700000	3.9239    	31.1736   
137.790000	3.91756   	31.1057   
137.880000	3.91122   	31.0377   
137.970000	3.90485   	30.9698   
138.060000	3.89848   	30.9018   
138.150000	3.89209   	30.8339   
138.240000	3.8857    	30.766    
138.330000	3.87929   	30.6981   
138.420000	3.87288   	30.6303   
138.510000	3.86644   	30.5624   
138.600000	3.86001   	30.4945   
138.690000	3.85355   	30.4267   
138.780000	3.84709   	30.3588   
138.870000	3.8406    	30.291    
138.960000	3.83412   	30.2232   
139.050000	3.82761   	30.1554   
139.140000	3.82111   	30.0876   
139.230000	3.81458   	30.0198   
139.320000	3.80805   	29.952    
139.410000	3.8015    	29.8843   
139.500000	3.79494   	29.8165   
139.590000	3.78837   	29.7488   
139.680000	3.78179   	29.681    
139.770000	3.77519   	29.6133   
139.860000	3.76859   	29.5456   
139.950000	3.76197   	29.4779   
140.040000	3.75535   	29.4102   
140.130000	3.74871   	29.3425   
140.220000	3.74206   	29.2749   
140.310000	3.73539   	29.2072   
140.400000	3.72873   	29.1395   
140.490000	3.72204   	29.0719   
140.580000	3.71535   	29.0043   
140.670000	3.70863   	28.9367   
140.760000	3.70192   	28.869    
140.850000	3.69519   	28.8014   
140.940000	3.68845   	28.7338   
141.030000	3.68169   	28.6663   
141.120000	3.67493   	28.5987   
141.210000	3.66815   	28.5311   
141.300000	3.66137   	28.4636   
141.390000	3.65457   	28.396    
141.480000	3.64777   	28.3285   
141.570000	3.64094   	28.261    
141.660000	3.63412   	28.1935   
141.750000	3.62727   	28.126    
141.840000	3.62042   	28.0585   
141.930000	3.61355   	27.991    
142.020000	3.60668   	27.9235   
142.110000	3.59979   	27.8561   
142.200000	3.5929    	27.7886   
142.290000	3.58599   	27.7212   
142.380000	3.57907   	27.6537   
142.470000	3.57214   	27.5863   
142.560000	3.5652    	27.5189   
142.650000	3.55824   	27.4515   
142.740000	3.55129   	27.3841   
142.830000	3.54431   	27.3167   
142.920000	3.53733   	27.2493   
143.010000	3.53033   	27.1819   
143.100000	3.52333   	27.1146   
143.190000	3.5163    	27.0472   
143.280000	3.50928   	26.9799   
143.370000	3.50223   	26.9125   
143.460000	3.49519   	26.8452   
143.550000	3.48812   	26.7779   
143.640000	3.48106   	26.7106   
143.730000	3.47397   	26.6433   
143.820000	3.46688   	26.576    
143.910000	3.45977   	26.5087   
144.000000	3.45267   	26.4415   
144.090000	3.44553   	26.3742   
144.180000	3.4384    	26.307    
144.270000	3.43125   	26.2397   
144.360000	3.4241    	26.1725   
144.450000	3.41693   	26.1053   
144.540000	3.40976   	26.038    
144.630000	3.40256   	25.9708   
144.720000	3.39537   	25.9036   
144.810000	3.38815   	25.8364   
144.900000	3.38094   	25.7693   
144.990000	3.3737    	25.7021   
145.080000	3.36647   	25.6349   
145.170000	3.35921   	25.5678   
145.260000	3.35195   	25.5006   
145.350000	3.34468   	25.4335   
145.440000	3.3374    	25.3664   
145.530000	3.3301    	25.2993   
145.620000	3.3228    	25.2321   
145.710000	3.31548   	25.165    
145.800000	3.30816   	25.0979   
145.890000	3.30082   	25.0309   
145.980000	3.29349   	24.9638   
146.070000	3.28613   	24.8967   
146.160000	3.27877   	24.8296   
146.250000	3.27139   	24.7626   
146.340000	3.264     	24.6956   
146.430000	3.2566    	24.6285   
146.520000	3.2492    	24.5615   
146.610000	3.24178   	24.4945   
146.700000	3.23436   	24.4275   
146.790000	3.22692   	24.3605   
146.880000	3.21948   	24.2935   
146.970000	3.21202   	24.2265   
147.060000	3.20456   	24.1595   
147.150000	3.19708   	24.0925   
147.240000	3.1896    	24.0256   
147.330000	3.18209   	23.9586   
147.420000	3.17459   	23.8917   
147.510000	3.16707   	23.8247   
147.600000	3.15955   	23.7578   
147.690000	3.15201   	23.6909   
147.780000	3.14447   	23.624    
147.870000	3.13691   	23.5571   
147.960000	3.12935   	23.4902   
148.050000	3.12177   	23.4233   
148.140000	3.11419   	23.3564   
148.230000	3.10659   	23.2895   
148.320000	3.09899   	23.2227   
148.410000	3.09137   	23.1558   
148.500000	3.08375   	23.089    
148.590000	3.07612   	23.0221   
148.680000	3.06848   	22.9553   
148.770000	3.06082   	22.8885   
148.860000	3.05316   	22.8216   
148.950000	3.04549   	22.7548   
149.040000	3.03781   	22.688    
149.130000	3.03011   	22.6212   
149.220000	3.02242   	22.5544   
149.310000	3.0147    	22.4876   
149.400000	3.00699   	22.4209   
149.490000	2.99926   	22.3541   
149.580000	2.99152   	22.2873   
149.670000	2.98377   	22.2206   
149.760000	2.97602   	22.1538   
149.850000	2.96825   	22.0871   
149.940000	2.96048   	22.0204   
150.030000	2.95269   	21.9537   
150.120000	2.9449    	21.8869   
150.210000	2.93709   	21.8202   
150.300000	2.92928   	21.7535   
150.390000	2.92145   	21.6868   
150.480000	2.91363   	21.6202   
150.570000	2.90578   	21.5535   
150.660000	2.89794   	21.4868   
150.750000	2.89007   	21.4201   
150.840000	2.88221   	21.3535   
150.930000	2.87433   	21.2868   
151.020000	2.86645   	21.2202   
151.110000	2.85855   	21.1536   
151.200000	2.85065   	21.0869   
151.290000	2.84273   	21.0203   
151.380000	2.83481   	20.9537   
151.470000	2.82688   	20.8871   
151.560000	2.81894   	20.8205   
151.650000	2.81099   	20.7539   
151.740000	2.80304   	20.6873   
151.830000	2.79506   	20.6207   
151.920000	2.78709   	20.5541   
152.010000	2.7791    	20.4876   
152.100000	2.77112   	20.421    
152.190000	2.76311   	20.3545   
152.280000	2.7551    	20.2879   
152.370000	2.74708   	20.2214   
152.460000	2.73905   	20.1548   
152.550000	2.73101   	20.0883   
152.640000	2.72297   	20.0218   
152.730000	2.71491   	19.9553   
152.820000	2.70686   	19.8888   
152.910000	2.69878   	19.8223   
153.000000	2.6907    	19.7558   
153.090000	2.68261   	19.6893   
153.180000	2.67452   	19.6228   
153.270000	2.66641   	19.5563   
153.360000	2.6583    	19.4899   
153.450000	2.65017   	19.4234   
153.540000	2.64205   	19.3569   
153.630000	2.6339    	19.2905   
153.720000	2.62576   	19.2241   
153.810000	2.6176    	19.1576   
153.900000	2.60944   	19.0912   
153.990000	2.60126   	19.0248   
154.080000	2.59309   	18.9583   
154.170000	2.58489   	18.8919   
154.260000	2.5767    	18.8255   
154.350000	2.56849   	18.7591   
154.440000	2.56028   	18.6927   
154.530000	2.55205   	18.6264   
154.620000	2.54383   	18.56     
154.710000	2.53559   	18.4936   
154.800000	2.52734   	18.4272   
154.890000	2.51908   	18.3609   
154.980000	2.51083   	18.2945   
155.070000	2.50255   	18.2282   
155.160000	2.49428   	18.1618   
155.250000	2.48599   	18.0955   
155.340000	2.4777    	18.0291   
155.430000	2.46939   	17.9628   
155.520000	2.46108   	17.8965   
155.610000	2.45276   	17.8302   
155.700000	2.44444   	17.7639   
155.790000	2.4361    	17.6976   
155.880000	2.42777   	17.6313   
155.970000	2.41941   	17.565    
156.060000	2.41106   	17.4987   
156.150000	2.40269   	17.4324   
156.240000	2.39432   	17.3661   
156.330000	2.38594   	17.2999   
156.420000	2.37756   	17.2336   
156.510000	2.36916   	17.1673   
156.600000	2.36076   	17.1011   
156.690000	2.35234   	17.0348   
156.780000	2.34393   	16.9686   
156.870000	2.3355    	16.9024   
156.960000	2.32707   	16.8361   
157.050000	2.31863   	16.7699   
157.140000	2.31018   	16.7037   
157.230000	2.30172   	16.6375   
157.320000	2.29326   	16.5713   
157.410000	2.28479   	16.5051   
157.500000	2.27632   	16.4389   
157.590000	2.26783   	16.3727   
157.680000	2.25934   	16.3065   
157.770000	2.25084   	16.2403   
157.860000	2.24233   	16.1741   
157.950000	2.23382   	16.108    
158.040000	2.2253    	16.0418   
158.130000	2.21677   	15.9756   
158.220000	2.20824   	15.9095   
158.310000	2.19969   	15.8433   
158.400000	2.19115   	15.7772   
158.490000	2.18259   	15.711    
158.580000	2.17403   	15.6449   
158.670000	2.16545   	15.5788   
158.760000	2.15688   	15.5127   
158.850000	2.14829   	15.4465   
158.940000	2.1397    	15.3804   
159.030000	2.1311    	15.3143   
159.120000	2.1225    	15.2482   
159.210000	2.11388   	15.1821   
159.300000	2.10527   	15.116    
159.390000	2.09664   	15.0499   
159.480000	2.08801   	14.9838   
159.570000	2.07937   	14.9178   
159.660000	2.07073   	14.8517   
159.750000	2.06207   	14.7856   
159.840000	2.05342   	14.7195   
159.930000	2.04475   	14.6535   
160.020000	2.03608   	14.5874   
160.110000	2.0274    	14.5214   
160.200000	2.01871   	14.4553   
160.290000	2.01002   	14.3893   
160.380000	2.00132   	14.3232   
160.470000	1.99261   	14.2572   
160.560000	1.98391   	14.1912   
160.650000	1.97519   	14.1252   
160.740000	1.96647   	14.0591   
160.830000	1.95773   	13.9931   
160.920000	1.949     	13.9271   
161.010000	1.94025   	13.8611   
161.100000	1.93151   	13.7951   
161.190000	1.92275   	13.7291   
161.280000	1.91399   	13.6631   
161.370000	1.90522   	13.5971   
161.460000	1.89645   	13.5311   
161.550000	1.88766   	13.4652   
161.640000	1.87888   	13.3992   
161.730000	1.87008   	13.3332   
161.820000	1.86129   	13.2673   
161.910000	1.85248   	13.2013   
162.000000	1.84367   	13.1353   
162.090000	1.83485   	13.0694   
162.180000	1.82603   	13.0034   
162.270000	1.8172    	12.9375   
162.360000	1.80837   	12.8715   
162.450000	1.79953   	12.8056   
162.540000	1.79068   	12.7397   
162.630000	1.78183   	12.6738   
162.720000	1.77298   	12.6078   
162.810000	1.76411   	12.5419   
162.900000	1.75524   	12.476    
162.990000	1.74636   	12.4101   
163.080000	1.73749   	12.3442   
163.170000	1.7286    	12.2783   
163.260000	1.71971   	12.2124   
163.350000	1.71081   	12.1465   
163.440000	1.70191   	12.0806   
163.530000	1.693     	12.0147   
163.620000	1.68409   	11.9488   
163.710000	1.67516   	11.8829   
163.800000	1.66624   	11.817    
163.890000	1.65731   	11.7512   
163.980000	1.64838   	11.6853   
164.070000	1.63943   	11.6194   
164.160000	1.63049   	11.5536   
164.250000	1.62153   	11.4877   
164.340000	1.61258   	11.4218   
164.430000	1.60362   	11.356    
164.520000	1.59465   	11.2901   
164.610000	1.58568   	11.2243   
164.700000	1.5767    	11.1585   
164.790000	1.56771   	11.0926   
164.880000	1.55873   	11.0268   
164.970000	1.54973   	10.961    
165.060000	1.54074   	10.8951   
165.150000	1.53173   	10.8293   
165.240000	1.52273   	10.7635   
165.330000	1.51371   	10.6977   
165.420000	1.5047    	10.6319   
165.510000	1.49567   	10.5661   
165.600000	1.48664   	10.5002   
165.690000	1.47761   	10.4344   
165.780000	1.46857   	10.3686   
165.870000	1.45953   	10.3029   
165.960000	1.45048   	10.2371   
166.050000	1.44143   	10.1713   
166.140000	1.43238   	10.1055   
166.230000	1.42331   	10.0397   
166.320000	1.41425   	9.97392   
166.410000	1.40518   	9.90814   
166.500000	1.3961    	9.84237   
166.590000	1.38702   	9.7766    
166.680000	1.37794   	9.71083   
166.770000	1.36885   	9.64507   
166.860000	1.35976   	9.57931   
166.950000	1.35066   	9.51355   
167.040000	1.34156   	9.44779   
167.130000	1.33245   	9.38204   
167.220000	1.32334   	9.31629   
167.310000	1.31422   	9.25055   
167.400000	1.30511   	9.1848    
167.490000	1.29598   	9.11906   
167.580000	1.28686   	9.05333   
167.670000	1.27772   	8.98759   
167.760000	1.26859   	8.92186   
167.850000	1.25944   	8.85613   
167.940000	1.2503    	8.79041   
168.030000	1.24115   	8.72468   
168.120000	1.232     	8.65896   
168.210000	1.22284   	8.59325   
168.300000	1.21368   	8.52753   
168.390000	1.20452   	8.46182   
168.480000	1.19535   	8.39611   
168.570000	1.18618   	8.3304    
168.660000	1.177     	8.2647    
168.750000	1.16782   	8.199     
168.840000	1.15864   	8.1333    
168.930000	1.14945   	8.0676    
169.020000	1.14026   	8.00191   
169.110000	1.13106   	7.93622   
169.200000	1.12186   	7.87053   
169.290000	1.11266   	7.80484   
169.380000	1.10345   	7.73916   
169.470000	1.09424   	7.67348   
169.560000	1.08503   	7.6078    
169.650000	1.07581   	7.54212   
169.740000	1.06659   	7.47645   
169.830000	1.05737   	7.41078   
169.920000	1.04814   	7.34511   
170.010000	1.03891   	7.27944   
170.100000	1.02967   	7.21377   
170.190000	1.02043   	7.14811   
170.280000	1.0112    	7.08245   
170.370000	1.00195   	7.0168    
170.460000	0.992703  	6.95114   
170.550000	0.98345   	6.88549   
170.640000	0.974197  	6.81983   
170.730000	0.964938  	6.75419   
170.820000	0.955679  	6.68854   
170.910000	0.946414  	6.62289   
171.000000	0.937148  	6.55725   
171.090000	0.927877  	6.49161   
171.180000	0.918605  	6.42597   
171.270000	0.909328  	6.36034   
171.360000	0.90005   	6.2947    
171.450000	0.890767  	6.22907   
171.540000	0.881483  	6.16344   
171.630000	0.872194  	6.09781   
171.720000	0.862904  	6.03218   
171.810000	0.85361   	5.96656   
171.900000	0.844315  	5.90094   
171.990000	0.835014  	5.83532   
172.080000	0.825713  	5.7697    
172.170000	0.816408  	5.70408   
172.260000	0.807102  	5.63846   
172.350000	0.79779   	5.57285   
172.440000	0.788479  	5.50724   
172.530000	0.779163  	5.44163   
172.620000	0.769846  	5.37602   
172.710000	0.760525  	5.31041   
172.800000	0.751203  	5.24481   
172.890000	0.741877  	5.1792    
172.980000	0.73255   	5.1136    
173.070000	0.723219  	5.048     
173.160000	0.713888  	4.9824    
173.250000	0.704552  	4.91681   
173.340000	0.695216  	4.85121   
173.430000	0.685875  	4.78562   
173.520000	0.676535  	4.72002   
173.610000	0.66719   	4.65443   
173.700000	0.657845  	4.58884   
173.790000	0.648496  	4.52326   
173.880000	0.639146  	4.45767   
173.970000	0.629793  	4.39208   
174.060000	0.620439  	4.3265    
174.150000	0.611082  	4.26092   
174.240000	0.601724  	4.19534   
174.330000	0.592362  	4.12976   
174.420000	0.583001  	4.06418   
174.510000	0.573635  	3.9986    
174.600000	0.56427   	3.93303   
174.690000	0.554901  	3.86745   
174.780000	0.545532  	3.80188   
174.870000	0.536159  	3.73631   
174.960000	0.526786  	3.67073   
175.050000	0.51741   	3.60516   
175.140000	0.508034  	3.5396    
175.230000	0.498654  	3.47403   
175.320000	0.489275  	3.40846   
175.410000	0.479892  	3.3429    
175.500000	0.470509  	3.27733   
175.590000	0.461123  	3.21177   
175.680000	0.451738  	3.14621   
175.770000	0.442349  	3.08064   
175.860000	0.43296   	3.01508   
175.950000	0.423568  	2.94952   
176.040000	0.414177  	2.88397   
176.130000	0.404782  	2.81841   
176.220000	0.395388  	2.75285   
176.310000	0.385991  	2.6873    
176.400000	0.376594  	2.62174   
176.490000	0.367194  	2.55619   
176.580000	0.357795  	2.49063   
176.670000	0.348393  	2.42508   
176.760000	0.338991  	2.35953   
176.850000	0.329587  	2.29398   
176.940000	0.320183  	2.22843   
177.030000	0.310777  	2.16288   
177.120000	0.30137   	2.09733   
177.210000	0.291962  	2.03178   
177.300000	0.282554  	1.96623   
177.390000	0.273144  	1.90069   
177.480000	0.263734  	1.83514   
177.570000	0.254322  	1.76959   
177.660000	0.24491   	1.70405   
177.750000	0.235497  	1.6385    
177.840000	0.226083  	1.57296   
177.930000	0.216669  	1.50742   
178.020000	0.207254  	1.44187   
178.110000	0.197837  	1.37633   
178.200000	0.188421  	1.31079   
178.290000	0.179004  	1.24525   
178.380000	0.169586  	1.1797    
178.470000	0.160167  	1.11416   
178.560000	0.150749  	1.04862   
178.650000	0.141329  	0.983082  
178.740000	0.13191   	0.917542  
178.830000	0.122489  	0.852002  
178.920000	0.113069  	0.786462  
179.010000	0.103647  	0.720923  
179.100000	0.0942261 	0.655384  
179.190000	0.0848042 	0.589845  
179.280000	0.0753824 	0.524306  
179.370000	0.06596   	0.458767  
179.460000	0.0565376 	0.393229  
179.550000	0.0471149 	0.327691  
179.640000	0.0376922 	0.262152  
179.730000	0.0282692 	0.196614  
179.820000	0.0188462 	0.131076  
179.910000	0.00942311	0.065538  
