0.36686  4.416e-26
0.37757  1.440e-25
0.38885  4.733e-25
0.40071  1.567e-24
0.41320  5.218e-24
0.42634  1.746e-23
0.44018  5.867e-23
0.45474  1.976e-22
0.47006  6.663e-22
0.48619  2.248e-21
0.50317  7.576e-21
0.52103  2.549e-20
0.53984  8.548e-20
0.55963  2.855e-19
0.58046  9.487e-19
0.60239  3.133e-18
0.62546  1.027e-17
0.64975  3.341e-17
0.67531  1.077e-16
0.70222  3.440e-16
0.73054  1.087e-15
0.76034  3.394e-15
0.79171  1.047e-14
0.82472  3.190e-14
0.85947  9.587e-14
0.89605  2.841e-13
0.93454  8.297e-13
0.97505  2.386e-12
1.01770  6.756e-12
1.06258  1.882e-11
1.10981  5.157e-11
1.15953  1.389e-10
1.21185  3.678e-10
1.26693  9.567e-10
1.32489  2.445e-09
1.38590  6.133e-09
1.45011  1.511e-08
1.51769  3.653e-08
1.58882  8.666e-08
1.66369  2.017e-07
1.74248  4.607e-07
1.82541  1.032e-06
1.91270  2.267e-06
2.00457  4.883e-06
2.10126  1.031e-05
2.20303  2.136e-05
2.31014  4.338e-05
2.42287  8.632e-05
2.54152  1.684e-04
2.66640  3.218e-04
2.79784  6.025e-04
2.93618  1.104e-03
3.08178  1.982e-03
3.23502  3.480e-03
3.39632  5.971e-03
3.56607  1.000e-02
3.74474  1.633e-02
3.93279  2.593e-02
4.13072  3.994e-02
4.33903  5.959e-02
4.55828  8.588e-02
4.78905  1.193e-01
5.03192  1.598e-01
5.28755  2.064e-01
5.55660  2.578e-01
5.83977  3.123e-01
6.13781  3.683e-01
6.45150  4.243e-01
6.78166  4.793e-01
7.12915  5.324e-01
7.49488  5.832e-01
7.87981  6.313e-01
8.28496  6.768e-01
8.71137  7.199e-01
9.16017  7.602e-01
9.57585  7.932e-01
9.60892  7.956e-01
9.63253  7.973e-01
9.66644  7.998e-01
9.70914  8.028e-01
9.76288  8.066e-01
9.83054  8.112e-01
9.91572  8.170e-01
10.02296  8.240e-01
10.15796  8.325e-01
10.32792  8.427e-01
10.54188  8.547e-01
11.57727  9.029e-01
13.64314  9.387e-01
17.76509  7.715e-01
22.59837  5.275e-01